0;0.00065579;0.00129369;0.00189631;0.00244719;0.00293133;0.0033355;0.00364869;0.00386236;0.00397067;0.00397067;0.00386236;0.00364869;0.0033355;0.00293133;0.00244719;0.00189631;0.00129369;0.00065579;0;
0;0.351515;0.678049;0.994684;1.26567;1.46158;1.56323;1.56067;1.45416;1.25411;0.98012;0.658996;0.322178;0.00263455;-0.268354;-0.464263;-0.563005;-0.555196;-0.416608;0;
0;0.360865;0.673444;0.975728;1.23628;1.42474;1.5226;1.52014;1.41757;1.22492;0.961069;0.651829;0.327474;0.0197869;-0.241037;-0.428759;-0.520865;-0.506668;-0.361111;0;
0;0.365809;0.663224;0.957399;1.20743;1.38884;1.48315;1.48076;1.38188;1.19617;0.941814;0.643709;0.331042;0.0344858;-0.216586;-0.396539;-0.483446;-0.459074;-0.32316;0;
0;0.366785;0.653583;0.939254;1.17968;1.35442;1.44522;1.4429;1.34756;1.16851;0.923275;0.635865;0.334443;0.0486512;-0.192958;-0.364995;-0.446344;-0.417396;-0.290684;0;
0;0.365332;0.64391;0.921306;1.15295;1.32134;1.40877;1.40648;1.31454;1.14189;0.905423;0.6283;0.337711;0.0623519;-0.170007;-0.334313;-0.410509;-0.380241;-0.262575;0;
0;0.362336;0.633985;0.903546;1.12714;1.2895;1.3737;1.37145;1.28277;1.11627;0.888233;0.621013;0.340878;0.0756338;-0.14771;-0.304653;-0.37638;-0.346731;-0.237949;0;
0;0.358325;0.623769;0.885969;1.10213;1.25882;1.33996;1.33774;1.25219;1.0916;0.871678;0.614;0.343961;0.0885191;-0.126096;-0.276136;-0.344123;-0.316266;-0.216127;0;
0;0.353627;0.613296;0.868575;1.07786;1.22923;1.30747;1.30529;1.22274;1.06784;0.855736;0.607258;0.346974;0.101013;-0.105205;-0.248838;-0.313762;-0.288405;-0.196596;0;
0;0.348456;0.602624;0.85137;1.05427;1.20064;1.27616;1.27404;1.19439;1.04496;0.840383;0.60078;0.34992;0.113109;-0.0850751;-0.222795;-0.285246;-0.26281;-0.178969;0;
0;0.342957;0.591816;0.834366;1.0313;1.17299;1.24597;1.24393;1.16708;1.02292;0.8256;0.594559;0.352795;0.124797;-0.0657347;-0.198018;-0.258491;-0.239207;-0.162947;0;
0;0.337234;0.580933;0.817579;1.00892;1.14622;1.21684;1.21491;1.14076;1.00169;0.811365;0.588585;0.355595;0.136066;-0.0472013;-0.174491;-0.233397;-0.217375;-0.1483;0;
0;0.331362;0.570026;0.801023;0.9871;1.1203;1.18871;1.18693;1.1154;0.98124;0.797657;0.582845;0.35831;0.146904;-0.0294817;-0.152187;-0.209858;-0.197128;-0.134845;0;
0;0.325397;0.559137;0.784713;0.965821;1.09516;1.16153;1.15994;1.09096;0.96153;0.784454;0.577327;0.360931;0.157303;-0.0125739;-0.131067;-0.187774;-0.178308;-0.122436;0;
0;0.319383;0.548302;0.76866;0.945062;1.07078;1.13525;1.13388;1.06738;0.942532;0.771737;0.572017;0.363448;0.167259;0.0035316;-0.111085;-0.167046;-0.16078;-0.110954;0;
0;0.313354;0.537552;0.752877;0.924809;1.04712;1.10982;1.10873;1.04464;0.924218;0.759482;0.566899;0.365852;0.176769;0.01885;-0.0921924;-0.147583;-0.144429;-0.1003;0;
0;0.307336;0.52691;0.737372;0.905047;1.02415;1.08522;1.08443;1.0227;0.906557;0.747668;0.561959;0.368135;0.185835;0.0334007;-0.0743398;-0.129299;-0.129154;-0.0903923;0;
0;0.30135;0.516396;0.722154;0.885766;1.00183;1.06139;1.06094;1.00152;0.88952;0.736274;0.557184;0.370289;0.19446;0.0472063;-0.0574765;-0.112116;-0.114864;-0.0811595;0;
0;0.295413;0.506026;0.707227;0.866955;0.980149;1.03831;1.03824;0.981069;0.87308;0.725279;0.552557;0.372309;0.20265;0.0602916;-0.0415531;-0.0959614;-0.101482;-0.0725415;0;
0;0.289538;0.495812;0.692595;0.848603;0.959078;1.01595;1.01628;0.961311;0.857209;0.714661;0.548067;0.374189;0.210414;0.0726826;-0.0265211;-0.0807672;-0.0889384;-0.0644859;0;
0;0.283736;0.485765;0.678262;0.830701;0.938596;0.994268;0.995029;0.942217;0.841879;0.7044;0.5437;0.375927;0.21776;0.0844061;-0.0123342;-0.0664717;-0.0771699;-0.0569467;0;
0;0.278015;0.475891;0.66423;0.81324;0.918683;0.973243;0.974461;0.923757;0.827067;0.694477;0.539445;0.37752;0.224699;0.0954891;0.00105219;-0.053018;-0.0661209;-0.0498833;0;
0;0.272382;0.466198;0.650497;0.796209;0.89932;0.952848;0.954545;0.905903;0.812747;0.684873;0.535289;0.378967;0.231243;0.105959;0.0136806;-0.0403532;-0.0557409;-0.0432597;0;
0;0.266843;0.456689;0.637064;0.779601;0.880489;0.933058;0.935254;0.888627;0.798895;0.675571;0.531224;0.380266;0.237403;0.115842;0.0255914;-0.0284286;-0.0459839;-0.0370437;0;
0;0.2614;0.447368;0.623929;0.763407;0.862173;0.91385;0.91656;0.871904;0.785489;0.666552;0.527239;0.38142;0.243193;0.125163;0.0368228;-0.0171991;-0.0368084;-0.0312064;0;
0;0.256058;0.438236;0.611089;0.747616;0.844356;0.895204;0.89844;0.85571;0.772507;0.657801;0.523325;0.382428;0.248625;0.13395;0.0474111;-0.00662301;-0.0281763;-0.0257216;0;
0;0.250818;0.429294;0.598543;0.732221;0.827023;0.877097;0.88087;0.84002;0.759928;0.649302;0.519475;0.383292;0.253712;0.142226;0.0573905;0.00333855;-0.0200529;-0.0205655;0;
0;0.245682;0.420543;0.586287;0.717213;0.810158;0.85951;0.863826;0.824812;0.747733;0.641041;0.515681;0.384014;0.258466;0.150014;0.0667933;0.0127216;-0.0124061;-0.0157166;0;
0;0.240651;0.411981;0.574317;0.702582;0.793748;0.842424;0.847289;0.810065;0.735904;0.633005;0.511938;0.384598;0.262901;0.157338;0.0756501;0.0215595;-0.00520663;-0.011155;0;
0;0.235725;0.403609;0.562629;0.68832;0.777778;0.825823;0.831238;0.795759;0.724422;0.625179;0.508238;0.385045;0.267029;0.16422;0.0839896;0.0298837;0.00157271;-0.00686271;0;
0;0.230905;0.395425;0.551218;0.674419;0.762236;0.809687;0.815654;0.781875;0.713271;0.617553;0.504578;0.38536;0.270862;0.17068;0.091839;0.0377231;0.007957;-0.00282297;0;
0;0.226189;0.387427;0.54008;0.660869;0.747109;0.794001;0.800517;0.768395;0.702435;0.610115;0.500952;0.385544;0.274412;0.176738;0.099224;0.045105;0.0139695;0.000979561;0;
0;0.221579;0.379612;0.52921;0.647662;0.732383;0.77875;0.785812;0.7553;0.691899;0.602855;0.497356;0.385603;0.277692;0.182414;0.106169;0.0520547;0.0196318;0.00455909;0;
0;0.217072;0.371978;0.518602;0.634789;0.718048;0.763918;0.771521;0.742576;0.681649;0.595763;0.493786;0.385539;0.280711;0.187726;0.112696;0.0585961;0.0249639;0.00792877;0;
0;0.212667;0.364522;0.508252;0.622243;0.704091;0.74949;0.757628;0.730205;0.671671;0.588829;0.49024;0.385356;0.283483;0.192691;0.118827;0.0647512;0.0299845;0.0111008;0;
0;0.208364;0.357242;0.498155;0.610015;0.6905;0.735454;0.744118;0.718174;0.661954;0.582045;0.486714;0.385058;0.286016;0.197326;0.124582;0.070541;0.0347111;0.0140866;0;
0;0.204161;0.350135;0.488304;0.598096;0.677266;0.721795;0.730976;0.706468;0.652484;0.575404;0.483206;0.384649;0.288322;0.201647;0.129981;0.0759851;0.0391599;0.0168966;0;
0;0.200056;0.343197;0.478695;0.586479;0.664377;0.708501;0.71819;0.695074;0.643251;0.568897;0.479713;0.384133;0.29041;0.205668;0.135042;0.0811018;0.0433461;0.0195408;0;
0;0.196049;0.336425;0.469323;0.575155;0.651822;0.695559;0.705745;0.68398;0.634245;0.562519;0.476234;0.383513;0.292291;0.209404;0.139781;0.0859083;0.047284;0.0220284;0;
0;0.192136;0.329816;0.46018;0.564118;0.639592;0.682958;0.693628;0.673172;0.625454;0.556262;0.472767;0.382794;0.293972;0.212869;0.144216;0.0904209;0.050987;0.0243679;0;
0;0.188317;0.323367;0.451263;0.553358;0.627677;0.670686;0.681829;0.66264;0.616871;0.55012;0.469311;0.381979;0.295464;0.216076;0.14836;0.094655;0.0544675;0.0265674;0;
0;0.18459;0.317073;0.442566;0.542869;0.616068;0.658733;0.670335;0.652372;0.608485;0.544089;0.465864;0.381073;0.296774;0.219036;0.152229;0.0986247;0.0577372;0.0286345;0;
0;0.180953;0.310932;0.434083;0.532643;0.604754;0.647086;0.659135;0.642359;0.60029;0.538162;0.462426;0.380077;0.29791;0.221762;0.155837;0.102344;0.0608074;0.0305763;0;
0;0.177404;0.30494;0.425809;0.522674;0.593728;0.635738;0.648218;0.632591;0.592276;0.532336;0.458995;0.378998;0.298882;0.224266;0.159196;0.105825;0.0636882;0.0323995;0;
0;0.17394;0.299094;0.417739;0.512953;0.58298;0.624676;0.637575;0.623057;0.584436;0.526605;0.455572;0.377837;0.299695;0.226556;0.162319;0.109081;0.0663896;0.0341102;0;
0;0.170562;0.29339;0.409868;0.503474;0.572501;0.613893;0.627196;0.61375;0.576763;0.520966;0.452155;0.376598;0.300358;0.228645;0.165217;0.112122;0.0689207;0.0357144;0;
0;0.167265;0.287825;0.40219;0.494231;0.562285;0.603379;0.617072;0.604661;0.569251;0.515414;0.448745;0.375285;0.300877;0.23054;0.167901;0.114959;0.0712903;0.0372176;0;
0;0.16405;0.282395;0.394701;0.485216;0.552323;0.593126;0.607193;0.595782;0.561893;0.509946;0.445341;0.373901;0.301259;0.232253;0.170382;0.117603;0.0735065;0.0386251;0;
0;0.160912;0.277098;0.387395;0.476424;0.542607;0.583124;0.597552;0.587104;0.554684;0.504559;0.441942;0.37245;0.301511;0.23379;0.172669;0.120063;0.0755771;0.0399418;0;
0;0.157852;0.271929;0.380268;0.467847;0.533129;0.573366;0.58814;0.578622;0.547617;0.49925;0.438549;0.370934;0.301637;0.235161;0.174773;0.122348;0.0775093;0.0411724;0;
0;0.154866;0.266885;0.373315;0.45948;0.523884;0.563844;0.578949;0.570327;0.540688;0.494015;0.435162;0.369357;0.301646;0.236374;0.176702;0.124468;0.0793102;0.0423211;0;
0;0.151953;0.261964;0.366531;0.451317;0.514862;0.55455;0.569972;0.562213;0.533892;0.488852;0.431781;0.367721;0.301541;0.237436;0.178464;0.126429;0.0809862;0.0433923;0;
0;0.149112;0.257163;0.359912;0.443352;0.506059;0.545478;0.561202;0.554274;0.527223;0.483759;0.428406;0.36603;0.301328;0.238355;0.180068;0.128241;0.0825435;0.0443897;0;
0;0.14634;0.252477;0.353453;0.43558;0.497467;0.536619;0.552631;0.546504;0.520677;0.478733;0.425037;0.364285;0.301013;0.239136;0.181522;0.129909;0.083988;0.0453171;0;
0;0.143636;0.247904;0.34715;0.427994;0.48908;0.527968;0.544254;0.538898;0.514251;0.473772;0.421674;0.362491;0.300601;0.239788;0.182832;0.131442;0.0853253;0.0461781;0;
0;0.140997;0.243441;0.340998;0.42059;0.480891;0.519518;0.536064;0.531449;0.507939;0.468873;0.418319;0.36065;0.300096;0.240316;0.184005;0.132845;0.0865605;0.0469759;0;
0;0.138423;0.239085;0.334994;0.413362;0.472896;0.511262;0.528055;0.524152;0.501739;0.464036;0.41497;0.358764;0.299502;0.240725;0.185048;0.134126;0.0876988;0.0477137;0;
0;0.135911;0.234833;0.329132;0.406305;0.465087;0.503195;0.520221;0.517003;0.495646;0.459257;0.411628;0.356835;0.298825;0.241023;0.185968;0.13529;0.0887447;0.0483944;0;
0;0.13346;0.230683;0.323411;0.399415;0.45746;0.495311;0.512556;0.509996;0.489657;0.454536;0.408294;0.354866;0.298068;0.241214;0.186771;0.136342;0.0897029;0.0490209;0;
0;0.131068;0.226631;0.317824;0.392686;0.450009;0.487603;0.505056;0.503127;0.483769;0.449872;0.404968;0.35286;0.297235;0.241303;0.187461;0.137289;0.0905776;0.0495959;0;
0;0.12309;0.224373;0.312594;0.386758;0.44329;0.480573;0.498074;0.496552;0.477895;0.444918;0.401056;0.35001;0.295371;0.240263;0.187067;0.137157;0.0911877;0.0475526;0;
0;0.117786;0.22033;0.307834;0.380818;0.436685;0.473641;0.491201;0.490086;0.47213;0.440067;0.397237;0.347241;0.293575;0.239286;0.186685;0.137199;0.0911557;0.0464535;0;
0;0.11385;0.215865;0.302992;0.37501;0.430179;0.466825;0.484442;0.483728;0.46646;0.435294;0.393478;0.344513;0.291802;0.238313;0.186313;0.137174;0.0909353;0.0458174;0;
0;0.110653;0.211444;0.298045;0.36929;0.423792;0.460127;0.477799;0.477475;0.460879;0.43059;0.389765;0.341808;0.290031;0.237329;0.185912;0.137051;0.0906798;0.0454139;0;
0;0.107896;0.207194;0.293071;0.363626;0.417521;0.45355;0.471272;0.471327;0.455385;0.42595;0.386091;0.339118;0.288256;0.236322;0.185462;0.136852;0.0904297;0.0451352;0;
0;0.105429;0.203134;0.288132;0.358013;0.411354;0.447092;0.464859;0.465281;0.449974;0.421371;0.382453;0.336441;0.28647;0.235287;0.184959;0.136596;0.0901909;0.0449274;0;
0;0.103166;0.199253;0.283267;0.352462;0.405284;0.44075;0.45856;0.459335;0.444645;0.416851;0.378849;0.333772;0.284673;0.234218;0.184403;0.136297;0.0899603;0.0447613;0;
0;0.101058;0.195534;0.278497;0.346982;0.399306;0.434518;0.45237;0.453487;0.439395;0.412387;0.375278;0.331113;0.282862;0.233115;0.1838;0.135963;0.0897331;0.04462;0;
0;0.099072;0.191961;0.273831;0.341582;0.393421;0.428392;0.446287;0.447735;0.434223;0.407979;0.371737;0.328461;0.281037;0.231978;0.183154;0.135599;0.0895051;0.0444929;0;
0;0.0971855;0.188518;0.269273;0.336271;0.387626;0.422367;0.440307;0.442076;0.429127;0.403625;0.368228;0.325817;0.279197;0.230809;0.18247;0.135208;0.0892728;0.0443734;0;
0;0.0953831;0.185193;0.264822;0.331053;0.381924;0.416442;0.434427;0.436507;0.424104;0.399323;0.364748;0.323179;0.277343;0.22961;0.181752;0.134792;0.0890337;0.044257;0;
0;0.0936534;0.181976;0.260478;0.32593;0.376316;0.410613;0.428643;0.431027;0.419154;0.395073;0.361298;0.320548;0.275475;0.228383;0.181001;0.134354;0.0887857;0.0441407;0;
0;0.0919876;0.178858;0.256238;0.320903;0.370801;0.40488;0.422954;0.425632;0.414274;0.390874;0.357876;0.317924;0.273595;0.22713;0.180222;0.133893;0.0885277;0.0440225;0;
0;0.090379;0.175832;0.252097;0.315973;0.36538;0.399241;0.417356;0.420321;0.409462;0.386724;0.354482;0.315307;0.271704;0.225854;0.179415;0.133411;0.0882586;0.0439008;0;
0;0.0888223;0.172891;0.248054;0.311139;0.360053;0.393694;0.411847;0.41509;0.404718;0.382622;0.351115;0.312697;0.269802;0.224555;0.178583;0.132909;0.0879779;0.0437748;0;
0;0.087313;0.17003;0.244104;0.306401;0.354819;0.388239;0.406426;0.409938;0.400038;0.378568;0.347776;0.310094;0.26789;0.223237;0.177728;0.132388;0.0876852;0.0436437;0;
0;0.0858475;0.167244;0.240244;0.301756;0.349677;0.382873;0.40109;0.404864;0.395422;0.374559;0.344464;0.307499;0.265971;0.221899;0.176851;0.131848;0.0873805;0.0435072;0;
0;0.0844228;0.164529;0.236471;0.297202;0.344627;0.377597;0.395839;0.399864;0.390868;0.370596;0.341178;0.304912;0.264044;0.220545;0.175954;0.13129;0.0870636;0.043365;0;
0;0.0830363;0.161882;0.232782;0.292739;0.339667;0.372408;0.390669;0.394938;0.386374;0.366677;0.337918;0.302334;0.262111;0.219175;0.175037;0.130715;0.0867348;0.0432168;0;
0;0.0816858;0.159299;0.229174;0.288363;0.334796;0.367305;0.385581;0.390085;0.38194;0.362801;0.334683;0.299765;0.260173;0.21779;0.174103;0.130123;0.0863942;0.0430628;0;
0;0.0803691;0.156776;0.225644;0.284074;0.330012;0.362287;0.380572;0.385301;0.377564;0.358968;0.331475;0.297205;0.258231;0.216392;0.173151;0.129516;0.086042;0.0429028;0;
0;0.0790848;0.154313;0.22219;0.279868;0.325314;0.357353;0.375641;0.380587;0.373244;0.355176;0.328292;0.294654;0.256285;0.214982;0.172184;0.128893;0.0856787;0.042737;0;
0;0.0778311;0.151905;0.218808;0.275745;0.3207;0.3525;0.370786;0.37594;0.36898;0.351426;0.325134;0.292114;0.254337;0.213561;0.171202;0.128256;0.0853045;0.0425655;0;
0;0.0766066;0.149551;0.215498;0.271701;0.316169;0.347729;0.366007;0.371359;0.364771;0.347716;0.322001;0.289584;0.252387;0.21213;0.170206;0.127606;0.0849197;0.0423884;0;
0;0.0754103;0.147249;0.212256;0.267735;0.311719;0.343037;0.361301;0.366844;0.360615;0.344045;0.318893;0.287064;0.250435;0.21069;0.169197;0.126942;0.0845249;0.0422058;0;
0;0.0742407;0.144997;0.20908;0.263844;0.307348;0.338422;0.356668;0.362393;0.356511;0.340414;0.315809;0.284556;0.248484;0.209241;0.168175;0.126266;0.0841203;0.042018;0;
0;0.073097;0.142792;0.205968;0.260028;0.303055;0.333884;0.352106;0.358004;0.352459;0.33682;0.31275;0.282059;0.246532;0.207785;0.167142;0.125578;0.0837065;0.0418251;0;
0;0.0719782;0.140635;0.202919;0.256284;0.298837;0.329421;0.347614;0.353677;0.348458;0.333265;0.309716;0.279573;0.244582;0.206322;0.166099;0.124879;0.0832837;0.0416274;0;
0;0.0708833;0.138522;0.199931;0.25261;0.294694;0.325031;0.343191;0.34941;0.344507;0.329747;0.306706;0.2771;0.242633;0.204853;0.165045;0.12417;0.0828524;0.0414249;0;
0;0.0698115;0.136452;0.197001;0.249004;0.290623;0.320713;0.338835;0.345203;0.340604;0.326266;0.30372;0.274638;0.240686;0.203379;0.163983;0.12345;0.0824131;0.041218;0;
0;0.0687621;0.134424;0.194129;0.245466;0.286624;0.316466;0.334545;0.341055;0.33675;0.322822;0.300757;0.272189;0.238741;0.201901;0.162912;0.122721;0.081966;0.0410068;0;
0;0.0677342;0.132437;0.191312;0.241992;0.282694;0.312288;0.33032;0.336964;0.332943;0.319413;0.297819;0.269752;0.2368;0.200418;0.161833;0.121984;0.0815117;0.0407915;0;
0;0.0667272;0.13049;0.188549;0.238582;0.278832;0.308178;0.326158;0.332929;0.329183;0.31604;0.294905;0.267329;0.234862;0.198932;0.160747;0.121238;0.0810505;0.0405724;0;
0;0.0657405;0.128581;0.185838;0.235234;0.275036;0.304134;0.322059;0.328949;0.325469;0.312702;0.292014;0.264918;0.232928;0.197444;0.159654;0.120484;0.0805827;0.0403495;0;
0;0.0647734;0.126709;0.183179;0.231947;0.271306;0.300155;0.318022;0.325024;0.321801;0.309399;0.289147;0.26252;0.230998;0.195953;0.158555;0.119724;0.0801088;0.0401232;0;
0;0.0638254;0.124873;0.180569;0.228718;0.267639;0.29624;0.314045;0.321153;0.318177;0.30613;0.286304;0.260136;0.229073;0.19446;0.157451;0.118956;0.0796291;0.0398935;0;
0;0.0628958;0.123073;0.178008;0.225547;0.264034;0.292388;0.310126;0.317334;0.314597;0.302894;0.283484;0.257765;0.227153;0.192967;0.156342;0.118182;0.0791439;0.0396608;0;
0;0.0619843;0.121306;0.175494;0.222432;0.26049;0.288597;0.306266;0.313567;0.31106;0.299693;0.280687;0.255408;0.225239;0.191473;0.155229;0.117403;0.0786537;0.0394251;0;
0;0.0610901;0.119573;0.173026;0.219372;0.257005;0.284866;0.302463;0.309851;0.307566;0.296524;0.277914;0.253065;0.223331;0.189979;0.154112;0.116618;0.0781587;0.0391866;0;
0;0.060213;0.117872;0.170603;0.216365;0.253579;0.281193;0.298716;0.306185;0.304114;0.293389;0.275164;0.250737;0.221429;0.188485;0.152991;0.115829;0.0776592;0.0389456;0;
0;0.0593523;0.116203;0.168223;0.213411;0.250209;0.277578;0.295023;0.302569;0.300703;0.290285;0.272437;0.248422;0.219533;0.186991;0.151867;0.115034;0.0771557;0.0387021;0;
0;0.0585077;0.114564;0.165886;0.210508;0.246895;0.27402;0.291384;0.299;0.297333;0.287214;0.269733;0.246121;0.217644;0.185499;0.150741;0.114236;0.0766483;0.0384563;0;
0;0.0576788;0.112956;0.163591;0.207654;0.243636;0.270517;0.287798;0.295479;0.294004;0.284175;0.267052;0.243835;0.215763;0.184009;0.149613;0.113434;0.0761373;0.0382085;0;
0;0.0568651;0.111376;0.161336;0.20485;0.240429;0.267068;0.284264;0.292005;0.290714;0.281167;0.264393;0.241564;0.213889;0.18252;0.148483;0.112629;0.0756232;0.0379587;0;
0;0.0560663;0.109825;0.159121;0.202093;0.237275;0.263672;0.280781;0.288578;0.287464;0.278191;0.261758;0.239307;0.212022;0.181034;0.147352;0.111821;0.075106;0.0377071;0;
0;0.0552819;0.108301;0.156945;0.199382;0.234172;0.260329;0.277348;0.285195;0.284252;0.275245;0.259144;0.237065;0.210164;0.17955;0.14622;0.111011;0.0745861;0.0374538;0;
0;0.0545117;0.106805;0.154806;0.196717;0.231119;0.257036;0.273964;0.281857;0.281079;0.27233;0.256554;0.234838;0.208313;0.17807;0.145088;0.110198;0.0740638;0.037199;0;
0;0.0537552;0.105335;0.152704;0.194097;0.228115;0.253793;0.270628;0.278563;0.277942;0.269445;0.253986;0.232626;0.206472;0.176593;0.143955;0.109383;0.0735393;0.0369428;0;
0;0.0530121;0.10389;0.150638;0.19152;0.225158;0.2506;0.26734;0.275311;0.274843;0.266589;0.25144;0.230429;0.204638;0.175119;0.142823;0.108567;0.0730129;0.0366854;0;
0;0.0522821;0.102471;0.148607;0.188985;0.222249;0.247455;0.264098;0.272103;0.271781;0.263764;0.248916;0.228247;0.202814;0.173649;0.141691;0.107749;0.0724846;0.0364268;0;
0;0.0515649;0.101076;0.146611;0.186492;0.219385;0.244356;0.260901;0.268936;0.268755;0.260967;0.246415;0.22608;0.200999;0.172184;0.14056;0.10693;0.0719549;0.0361672;0;
0;0.0508602;0.0997056;0.144648;0.18404;0.216566;0.241304;0.25775;0.26581;0.265764;0.2582;0.243935;0.223928;0.199193;0.170723;0.139431;0.106111;0.0714239;0.0359067;0;
0;0.0501676;0.0983582;0.142718;0.181628;0.213792;0.238298;0.254642;0.262725;0.262808;0.255462;0.241478;0.221792;0.197396;0.169266;0.138302;0.105291;0.0708918;0.0356453;0;
0;0.049487;0.0970337;0.14082;0.179254;0.21106;0.235335;0.251578;0.259679;0.259887;0.252751;0.239042;0.219671;0.195609;0.167815;0.137176;0.104471;0.0703588;0.0353833;0;
0;0.048818;0.0957316;0.138953;0.176919;0.208371;0.232417;0.248556;0.256672;0.257001;0.250069;0.236628;0.217565;0.193832;0.166369;0.136051;0.103651;0.0698251;0.0351207;0;
0;0.0481603;0.0944513;0.137118;0.174621;0.205723;0.229541;0.245576;0.253705;0.254148;0.247415;0.234235;0.215475;0.192065;0.164928;0.134928;0.102831;0.0692909;0.0348577;0;
0;0.0475137;0.0931923;0.135312;0.172359;0.203115;0.226707;0.242637;0.250775;0.251328;0.244789;0.231864;0.2134;0.190307;0.163493;0.133809;0.102012;0.0687563;0.0345942;0;
0;0.046878;0.0919543;0.133535;0.170134;0.200548;0.223915;0.239739;0.247882;0.248541;0.242189;0.229514;0.21134;0.18856;0.162064;0.132691;0.101193;0.0682216;0.0343305;0;
0;0.0462529;0.0907366;0.131788;0.167943;0.198019;0.221163;0.236879;0.245026;0.245786;0.239617;0.227185;0.209297;0.186824;0.160641;0.131577;0.100376;0.0676869;0.0340665;0;
0;0.0456381;0.0895389;0.130068;0.165787;0.195528;0.218451;0.234059;0.242207;0.243064;0.237071;0.224878;0.207268;0.185097;0.159225;0.130466;0.0995597;0.0671523;0.0338024;0;
0;0.0450335;0.0883608;0.128376;0.163664;0.193075;0.215777;0.231278;0.239423;0.240373;0.234552;0.222591;0.205255;0.183382;0.157815;0.129358;0.0987448;0.0666181;0.0335383;0;
0;0.0444388;0.0872018;0.126711;0.161574;0.190659;0.213142;0.228533;0.236674;0.237713;0.23206;0.220325;0.203258;0.181677;0.156411;0.128254;0.0979314;0.0660843;0.0332743;0;
0;0.0438538;0.0860614;0.125072;0.159516;0.188279;0.210545;0.225826;0.23396;0.235084;0.229593;0.21808;0.201276;0.179982;0.155014;0.127154;0.0971198;0.0655511;0.0330103;0;
0;0.0432783;0.0849394;0.123459;0.15749;0.185934;0.207984;0.223155;0.23128;0.232486;0.227152;0.215856;0.19931;0.178299;0.153624;0.126058;0.0963101;0.0650186;0.0327466;0;
0;0.0427121;0.0838353;0.121871;0.155495;0.183623;0.20546;0.22052;0.228634;0.229917;0.224736;0.213652;0.197359;0.176626;0.152242;0.124965;0.0955025;0.064487;0.0324831;0;
0;0.042155;0.0827487;0.120308;0.153531;0.181347;0.202971;0.217921;0.22602;0.227378;0.222346;0.211468;0.195424;0.174965;0.150866;0.123877;0.0946971;0.0639564;0.0322199;0;
0;0.0416068;0.0816793;0.11877;0.151596;0.179104;0.200517;0.215355;0.22344;0.224868;0.21998;0.209305;0.193504;0.173315;0.149498;0.122794;0.0938942;0.0634269;0.0319572;0;
0;0.0410673;0.0806268;0.117255;0.14969;0.176893;0.198097;0.212824;0.220891;0.222387;0.217639;0.207161;0.191599;0.171676;0.148137;0.121715;0.0930937;0.0628986;0.0316949;0;
0;0.0405363;0.0795907;0.115764;0.147813;0.174715;0.195711;0.210326;0.218374;0.219934;0.215323;0.205038;0.18971;0.170048;0.146784;0.120641;0.092296;0.0623717;0.0314331;0;
0;0.0400137;0.0785707;0.114295;0.145964;0.172568;0.193358;0.207861;0.215888;0.21751;0.213031;0.202934;0.187837;0.168431;0.145439;0.119572;0.0915011;0.0618462;0.0311719;0;
0;0.0394992;0.0775666;0.112849;0.144142;0.170453;0.191038;0.205429;0.213432;0.215113;0.210762;0.20085;0.185979;0.166826;0.144102;0.118508;0.0907091;0.0613222;0.0309114;0;
0;0.0389928;0.0765779;0.111424;0.142347;0.168367;0.188749;0.203028;0.211007;0.212744;0.208518;0.198786;0.184136;0.165232;0.142772;0.117449;0.0899203;0.0607999;0.0306515;0;
0;0.0384942;0.0756044;0.110021;0.140579;0.166311;0.186492;0.200659;0.208612;0.210402;0.206297;0.196741;0.182308;0.163649;0.141451;0.116395;0.0891346;0.0602793;0.0303924;0;
0;0.0380034;0.0746458;0.10864;0.138837;0.164285;0.184266;0.19832;0.206246;0.208086;0.204099;0.194716;0.180496;0.162078;0.140137;0.115346;0.0883522;0.0597606;0.0301341;0;
0;0.03752;0.0737018;0.107279;0.13712;0.162287;0.18207;0.196012;0.203909;0.205797;0.201924;0.192709;0.178699;0.160519;0.138832;0.114304;0.0875732;0.0592437;0.0298766;0;
0;0.0370441;0.0727721;0.105938;0.135428;0.160317;0.179904;0.193734;0.201601;0.203534;0.199772;0.190722;0.176917;0.158971;0.137535;0.113266;0.0867978;0.0587289;0.02962;0;
0;0.0365754;0.0718564;0.104617;0.133761;0.158375;0.177768;0.191485;0.19932;0.201297;0.197642;0.188754;0.17515;0.157435;0.136247;0.112235;0.0860259;0.0582161;0.0293643;0;
0;0.0361138;0.0709544;0.103315;0.132118;0.156461;0.17566;0.189265;0.197068;0.199085;0.195535;0.186804;0.173399;0.15591;0.134967;0.111209;0.0852578;0.0577054;0.0291096;0;
0;0.0356591;0.0700659;0.102033;0.130498;0.154573;0.17358;0.187074;0.194842;0.196898;0.19345;0.184873;0.171662;0.154396;0.133695;0.110189;0.0844934;0.057197;0.0288559;0;
0;0.0352113;0.0691906;0.10077;0.128902;0.152711;0.171528;0.18491;0.192644;0.194736;0.191387;0.18296;0.169941;0.152895;0.132432;0.109175;0.083733;0.0566908;0.0286032;0;
0;0.0347702;0.0683283;0.0995245;0.127328;0.150875;0.169504;0.182774;0.190472;0.192598;0.189345;0.181066;0.168234;0.151404;0.131178;0.108167;0.0829765;0.056187;0.0283516;0;
0;0.0343356;0.0674787;0.0982975;0.125777;0.149065;0.167507;0.180666;0.188327;0.190485;0.187325;0.17919;0.166542;0.149926;0.129932;0.107165;0.082224;0.0556856;0.0281011;0;
0;0.0339075;0.0666416;0.0970882;0.124247;0.147279;0.165536;0.178584;0.186207;0.188395;0.185326;0.177332;0.164865;0.148459;0.128694;0.106169;0.0814756;0.0551866;0.0278518;0;
0;0.0334857;0.0658167;0.0958964;0.12274;0.145518;0.163591;0.176528;0.184113;0.186329;0.183348;0.175492;0.163203;0.147004;0.127466;0.10518;0.0807314;0.0546902;0.0276036;0;
0;0.0330701;0.0650038;0.0947216;0.121253;0.14378;0.161672;0.174499;0.182043;0.184287;0.181391;0.17367;0.161555;0.14556;0.126246;0.104197;0.0799914;0.0541963;0.0273567;0;
0;0.0326606;0.0642028;0.0935637;0.119787;0.142067;0.159778;0.172495;0.179999;0.182267;0.179454;0.171866;0.159922;0.144128;0.125035;0.10322;0.0792558;0.0537051;0.027111;0;
0;0.032257;0.0634132;0.0924222;0.118342;0.140377;0.157908;0.170516;0.177979;0.18027;0.177538;0.170079;0.158304;0.142707;0.123833;0.102249;0.0785244;0.0532165;0.0268665;0;
0;0.0318593;0.0626351;0.0912969;0.116917;0.138709;0.156064;0.168562;0.175983;0.178296;0.175642;0.168309;0.1567;0.141298;0.12264;0.101285;0.0777975;0.0527306;0.0266233;0;
0;0.0314674;0.0618681;0.0901875;0.115511;0.137064;0.154243;0.166632;0.174011;0.176344;0.173766;0.166557;0.15511;0.1399;0.121455;0.100328;0.077075;0.0522475;0.0263814;0;
0;0.031081;0.061112;0.0890938;0.114125;0.135441;0.152446;0.164727;0.172062;0.174413;0.17191;0.164822;0.153535;0.138514;0.12028;0.0993766;0.0763571;0.0517672;0.0261409;0;
0;0.0307003;0.0603667;0.0880153;0.112758;0.13384;0.150672;0.162845;0.170137;0.172505;0.170073;0.163104;0.151973;0.13714;0.119113;0.0984321;0.0756436;0.0512897;0.0259017;0;
0;0.0303249;0.059632;0.0869519;0.111409;0.13226;0.148921;0.160987;0.168234;0.170618;0.168255;0.161402;0.150426;0.135776;0.117955;0.0974942;0.0749348;0.0508151;0.0256639;0;
0;0.0299549;0.0589076;0.0859033;0.110079;0.130701;0.147193;0.159151;0.166354;0.168752;0.166457;0.159718;0.148894;0.134425;0.116806;0.0965629;0.0742305;0.0503434;0.0254275;0;
0;0.0295902;0.0581934;0.0848693;0.108767;0.129163;0.145487;0.157338;0.164495;0.166907;0.164677;0.15805;0.147375;0.133084;0.115666;0.0956382;0.073531;0.0498746;0.0251925;0;
0;0.0292306;0.0574892;0.0838495;0.107473;0.127645;0.143802;0.155548;0.162659;0.165082;0.162917;0.156398;0.14587;0.131755;0.114535;0.0947202;0.0728361;0.0494087;0.0249589;0;
0;0.028876;0.0567948;0.0828438;0.106196;0.126148;0.14214;0.15378;0.160845;0.163278;0.161175;0.154763;0.144379;0.130438;0.113413;0.0938089;0.0721459;0.0489459;0.0247267;0;
0;0.0285264;0.0561101;0.0818518;0.104937;0.124669;0.140498;0.152033;0.159051;0.161494;0.159451;0.153144;0.142901;0.129131;0.112299;0.0929043;0.0714604;0.048486;0.024496;0;
0;0.0281817;0.0554348;0.0808735;0.103694;0.123211;0.138877;0.150308;0.157279;0.15973;0.157746;0.151541;0.141437;0.127836;0.111195;0.0920064;0.0707798;0.0480292;0.0242668;0;
0;0.0278418;0.0547689;0.0799084;0.102468;0.121771;0.137277;0.148603;0.155528;0.157986;0.156058;0.149954;0.139987;0.126552;0.110099;0.0911153;0.0701039;0.0475755;0.0240391;0;
0;0.0275067;0.0541122;0.0789565;0.101259;0.12035;0.135697;0.14692;0.153797;0.156261;0.154388;0.148383;0.138551;0.125279;0.109013;0.0902309;0.0694328;0.0471248;0.0238128;0;
0;0.0271761;0.0534644;0.0780174;0.100065;0.118947;0.134137;0.145257;0.152086;0.154555;0.152736;0.146827;0.137128;0.124018;0.107935;0.0893532;0.0687666;0.0466772;0.0235881;0;
0;0.0268501;0.0528255;0.077091;0.0988874;0.117563;0.132596;0.143614;0.150395;0.152868;0.151102;0.145287;0.135718;0.122767;0.106866;0.0884823;0.0681052;0.0462327;0.0233648;0;
0;0.0265285;0.0521953;0.0761771;0.0977253;0.116196;0.131075;0.141992;0.148724;0.1512;0.149484;0.143762;0.134321;0.121528;0.105806;0.0876182;0.0674486;0.0457914;0.0231431;0;
0;0.0262114;0.0515736;0.0752754;0.0965784;0.114847;0.129573;0.140388;0.147073;0.149551;0.147884;0.142253;0.132938;0.120299;0.104755;0.0867608;0.066797;0.0453531;0.0229229;0;
0;0.0258986;0.0509604;0.0743858;0.0954466;0.113516;0.12809;0.138805;0.14544;0.14792;0.146301;0.140758;0.131567;0.119081;0.103712;0.0859102;0.0661502;0.044918;0.0227043;0;
0;0.02559;0.0503554;0.073508;0.0943296;0.112201;0.126625;0.13724;0.143827;0.146307;0.144734;0.139279;0.13021;0.117874;0.102678;0.0850663;0.0655082;0.0444861;0.0224872;0;
0;0.0252856;0.0497585;0.0726418;0.0932271;0.110903;0.125178;0.135694;0.142232;0.144712;0.143185;0.137814;0.128865;0.116678;0.101653;0.0842292;0.0648712;0.0440574;0.0222717;0;
0;0.0249853;0.0491697;0.0717872;0.0921391;0.109622;0.12375;0.134167;0.140656;0.143135;0.141651;0.136365;0.127534;0.115493;0.100637;0.0833988;0.0642391;0.0436318;0.0220577;0;
0;0.0247148;0.0486374;0.0710101;0.0911417;0.108435;0.12241;0.132715;0.139133;0.141586;0.140118;0.134888;0.126153;0.114243;0.0995474;0.082496;0.0635437;0.0431595;0.0218189;0;
0;0.0244473;0.0481109;0.0702414;0.0901551;0.107262;0.121085;0.131278;0.137627;0.140053;0.138601;0.133428;0.124787;0.113006;0.0984698;0.081603;0.0628559;0.0426923;0.0215827;0;
0;0.0241826;0.0475901;0.0694811;0.0891792;0.106101;0.119774;0.129857;0.136137;0.138537;0.137101;0.131984;0.123437;0.111783;0.0974039;0.0807197;0.0621755;0.0422301;0.0213491;0;
0;0.0239209;0.047075;0.0687289;0.0882139;0.104952;0.118478;0.128451;0.134664;0.137037;0.135616;0.130555;0.1221;0.110573;0.0963495;0.0798459;0.0615024;0.041773;0.021118;0;
0;0.0236619;0.0465654;0.067985;0.087259;0.103816;0.117195;0.127061;0.133206;0.135554;0.134148;0.129142;0.120779;0.109376;0.0953066;0.0789816;0.0608367;0.0413208;0.0208894;0;
0;0.0234058;0.0460614;0.0672491;0.0863144;0.102692;0.115927;0.125685;0.131764;0.134087;0.132696;0.127744;0.119471;0.108192;0.0942749;0.0781267;0.0601781;0.0408735;0.0206633;0;
0;0.0231524;0.0455628;0.0665211;0.0853801;0.101581;0.114672;0.124325;0.130338;0.132635;0.13126;0.126361;0.118178;0.107021;0.0932544;0.077281;0.0595267;0.0404311;0.0204396;0;
0;0.0229018;0.0450695;0.065801;0.0844559;0.100481;0.113431;0.122979;0.128927;0.131199;0.129839;0.124994;0.116899;0.105862;0.0922449;0.0764444;0.0588824;0.0399934;0.0202184;0;
0;0.0226539;0.0445817;0.0650887;0.0835416;0.0993933;0.112203;0.121648;0.127531;0.129779;0.128434;0.123641;0.115633;0.104716;0.0912464;0.0756169;0.058245;0.0395605;0.0199995;0;
0;0.0224087;0.0440991;0.0643842;0.0826373;0.0983174;0.110988;0.120331;0.126151;0.128374;0.127043;0.122302;0.114382;0.103583;0.0902587;0.0747984;0.0576145;0.0391323;0.019783;0;
0;0.0221661;0.0436217;0.0636872;0.0817428;0.0972531;0.109787;0.119028;0.124785;0.126985;0.125668;0.120978;0.113144;0.102462;0.0892817;0.0739887;0.0569908;0.0387087;0.0195689;0;
0;0.0219262;0.0431495;0.0629978;0.080858;0.0962004;0.108598;0.11774;0.123434;0.12561;0.124308;0.119669;0.111919;0.101353;0.0883152;0.0731878;0.0563739;0.0382897;0.019357;0;
0;0.0216888;0.0426825;0.0623159;0.0799827;0.0951591;0.107423;0.116465;0.122098;0.12425;0.122962;0.118373;0.110707;0.100255;0.0873592;0.0723956;0.0557637;0.0378752;0.0191475;0;
0;0.0214541;0.0422204;0.0616413;0.0791169;0.094129;0.10626;0.115205;0.120777;0.122905;0.121631;0.117092;0.109509;0.0991702;0.0864136;0.0716119;0.0551601;0.0374652;0.0189402;0;
0;0.0212218;0.0417634;0.0609741;0.0782605;0.0931101;0.10511;0.113958;0.119469;0.121575;0.120315;0.115824;0.108324;0.0980967;0.0854782;0.0708367;0.054563;0.0370597;0.0187352;0;
0;0.0209921;0.0413113;0.0603141;0.0774133;0.0921022;0.103972;0.112724;0.118176;0.120259;0.119012;0.114571;0.107151;0.0970348;0.0845529;0.0700699;0.0539723;0.0366585;0.0185324;0;
0;0.0207649;0.0408641;0.0596612;0.0765753;0.0911052;0.102846;0.111504;0.116897;0.118957;0.117724;0.11333;0.105991;0.0959845;0.0836376;0.0693114;0.0533881;0.0362617;0.0183318;0;
0;0.0205401;0.0404218;0.0590154;0.0757464;0.090119;0.101733;0.110297;0.115631;0.11767;0.11645;0.112104;0.104844;0.0949455;0.0827323;0.0685612;0.0528102;0.0358692;0.0181334;0;
0;0.0203178;0.0399842;0.0583765;0.0749265;0.0891435;0.100632;0.109103;0.11438;0.116396;0.115189;0.11089;0.103709;0.0939177;0.0818367;0.067819;0.0522385;0.0354809;0.0179371;0;
0;0.0200978;0.0395514;0.0577446;0.0741154;0.0881785;0.0995426;0.107922;0.113142;0.115136;0.113942;0.10969;0.102586;0.0929011;0.0809508;0.0670849;0.0516731;0.0350968;0.0177429;0;
0;0.0198803;0.0391233;0.0571195;0.0733132;0.087224;0.0984651;0.106754;0.111917;0.113889;0.112709;0.108502;0.101476;0.0918954;0.0800746;0.0663587;0.0511137;0.0347169;0.0175509;0;
0;0.0196651;0.0386998;0.0565012;0.0725196;0.0862798;0.0973992;0.105598;0.110705;0.112657;0.111489;0.107328;0.100377;0.0909007;0.0792078;0.0656404;0.0505604;0.0343411;0.0173609;0;
0;0.0194522;0.0382809;0.0558896;0.0717346;0.0853459;0.0963449;0.104455;0.109507;0.111437;0.110282;0.106166;0.0992908;0.0899167;0.0783504;0.0649298;0.0500131;0.0339694;0.0171729;0;
0;0.0192416;0.0378665;0.0552846;0.070958;0.084422;0.095302;0.103324;0.108322;0.110231;0.109088;0.105017;0.098216;0.0889434;0.0775023;0.064227;0.0494717;0.0336016;0.016987;0;
0;0.0190333;0.0374566;0.0546862;0.0701899;0.0835082;0.0942704;0.102206;0.107149;0.109038;0.107907;0.10388;0.0971528;0.0879806;0.0766633;0.0635318;0.0489362;0.0332379;0.0168032;0;
0;0.0188273;0.0370511;0.0540942;0.0694301;0.0826042;0.0932499;0.1011;0.105989;0.107857;0.106739;0.102756;0.0961012;0.0870282;0.0758335;0.062844;0.0484065;0.0328781;0.0166213;0;
0;0.0186235;0.0366501;0.0535087;0.0686786;0.08171;0.0922405;0.100005;0.104842;0.10669;0.105584;0.101643;0.0950609;0.0860862;0.0750126;0.0621638;0.0478825;0.0325222;0.0164414;0;
0;0.0184219;0.0362533;0.0529295;0.0679352;0.0808256;0.091242;0.0989227;0.103707;0.105535;0.104441;0.100543;0.0940319;0.0851543;0.0742006;0.0614909;0.0473642;0.0321702;0.0162634;0;
0;0.0182225;0.0358609;0.0523565;0.0671998;0.0799506;0.0902544;0.0978519;0.102584;0.104393;0.10331;0.0994548;0.093014;0.0842325;0.0733974;0.0608252;0.0468515;0.0318219;0.0160873;0;
0;0.0180253;0.0354727;0.0517898;0.0664724;0.0790852;0.0892774;0.0967926;0.101474;0.103263;0.102192;0.0983782;0.0920071;0.0833207;0.0726029;0.0601668;0.0463443;0.0314775;0.0159132;0;
0;0.0178301;0.0350887;0.0512292;0.0657528;0.0782291;0.088311;0.0957449;0.100376;0.102145;0.101086;0.0973133;0.0910112;0.0824188;0.071817;0.0595155;0.0458427;0.0311367;0.0157409;0;
0;0.0176371;0.0347089;0.0506746;0.065041;0.0773823;0.087355;0.0947085;0.099289;0.101039;0.0999915;0.0962599;0.090026;0.0815266;0.0710396;0.0588713;0.0453464;0.0307997;0.0155705;0;
0;0.0174462;0.0343332;0.0501261;0.064337;0.0765447;0.0864094;0.0936833;0.0982142;0.0999453;0.0989091;0.0952179;0.0890515;0.0806441;0.0702706;0.058234;0.0448556;0.0304663;0.015402;0;
0;0.0172574;0.0339615;0.0495835;0.0636406;0.0757161;0.0854741;0.0926692;0.0971511;0.0988635;0.0978385;0.0941872;0.0880875;0.0797712;0.0695099;0.0576036;0.04437;0.0301365;0.0152353;0;
0;0.0170706;0.0335939;0.0490467;0.0629517;0.0748965;0.0845488;0.0916661;0.0960994;0.0977933;0.0967794;0.0931676;0.087134;0.0789077;0.0687575;0.0569801;0.0438897;0.0298103;0.0150704;0;
0;0.0168858;0.0332303;0.0485158;0.0622702;0.0740857;0.0836336;0.0906738;0.0950592;0.0967347;0.0957318;0.0921591;0.0861908;0.0780535;0.0680132;0.0563633;0.0434146;0.0294876;0.0149072;0;
0;0.016703;0.0328706;0.0479906;0.0615962;0.0732838;0.0827283;0.0896923;0.0940302;0.0956876;0.0946955;0.0911615;0.0852578;0.0772086;0.067277;0.0557532;0.0429447;0.0291684;0.0147459;0;
0;0.0165222;0.0325147;0.0474712;0.0609294;0.0724905;0.0818328;0.0887214;0.0930123;0.0946518;0.0936705;0.0901747;0.0843349;0.0763728;0.0665487;0.0551497;0.0424798;0.0288527;0.0145862;0;
0;0.0163433;0.0321628;0.0469573;0.0602699;0.0717058;0.080947;0.087761;0.0920055;0.0936272;0.0926565;0.0891986;0.083422;0.0755461;0.0658283;0.0545527;0.04202;0.0285403;0.0144283;0;
0;0.0161664;0.0318146;0.046449;0.0596175;0.0709296;0.0800707;0.086811;0.0910096;0.0926137;0.0916535;0.088233;0.082519;0.0747284;0.0651158;0.0539622;0.0415651;0.0282314;0.0142722;0;
0;0.0159914;0.0314702;0.0459462;0.0589721;0.0701618;0.079204;0.0858713;0.0900244;0.0916112;0.0906614;0.0872779;0.0816258;0.0739194;0.0644109;0.053378;0.0411152;0.0279258;0.0141177;0;
0;0.0158183;0.0311296;0.0454488;0.0583338;0.0694023;0.0783466;0.0849418;0.0890499;0.0906195;0.08968;0.0863332;0.0807422;0.0731193;0.0637137;0.0528002;0.0406701;0.0276235;0.0139648;0;
0;0.0156471;0.0307926;0.0449569;0.0577023;0.0686511;0.0774985;0.0840223;0.088086;0.0896386;0.0887092;0.0853986;0.0798682;0.0723278;0.063024;0.0522287;0.0402299;0.0273245;0.0138137;0;
0;0.0154777;0.0304593;0.0444702;0.0570777;0.0679079;0.0766596;0.0831128;0.0871325;0.0886683;0.087749;0.0844742;0.0790036;0.0715449;0.0623418;0.0516633;0.0397944;0.0270287;0.0136642;0;
0;0.0153102;0.0301296;0.0439888;0.0564598;0.0671729;0.0758298;0.0822131;0.0861893;0.0877085;0.0867991;0.0835598;0.0781484;0.0707704;0.0616669;0.0511041;0.0393636;0.0267361;0.0135162;0;
0;0.0151444;0.0298034;0.0435127;0.0558487;0.0664457;0.075009;0.0813231;0.0852563;0.086759;0.0858595;0.0826553;0.0773025;0.0700043;0.0609994;0.0505509;0.0389375;0.0264467;0.0133699;0;
0;0.0149805;0.0294808;0.0430417;0.0552441;0.0657265;0.074197;0.0804428;0.0843334;0.0858199;0.0849301;0.0817606;0.0764657;0.0692465;0.0603391;0.0500037;0.038516;0.0261604;0.0132252;0;
0;0.0148183;0.0291617;0.0425757;0.0546461;0.065015;0.0733939;0.0795721;0.0834205;0.0848909;0.0840108;0.0808755;0.075638;0.068497;0.059686;0.0494624;0.0380991;0.0258773;0.013082;0;
0;0.0146579;0.028846;0.0421149;0.0540546;0.0643112;0.0725994;0.0787107;0.0825175;0.083972;0.0831014;0.0800001;0.0748192;0.0677555;0.0590399;0.048927;0.0376867;0.0255971;0.0129404;0;
0;0.0144993;0.0285338;0.041659;0.0534695;0.0636151;0.0718135;0.0778587;0.0816243;0.083063;0.0822018;0.0791341;0.0740093;0.0670221;0.0584008;0.0483974;0.0372787;0.0253201;0.0128004;0;
0;0.0143423;0.0282249;0.041208;0.0528907;0.0629264;0.0710362;0.0770159;0.0807407;0.0821639;0.081312;0.0782775;0.0732082;0.0662966;0.0577686;0.0478735;0.0368752;0.025046;0.0126618;0;
0;0.0141871;0.0279194;0.040762;0.0523181;0.0622453;0.0702672;0.0761822;0.0798667;0.0812745;0.0804318;0.0774301;0.0724157;0.0655789;0.0571433;0.0473553;0.0364761;0.0247749;0.0125247;0;
0;0.0140335;0.0276172;0.0403207;0.0517518;0.0615715;0.0695066;0.0753576;0.0790022;0.0803947;0.0795612;0.076592;0.0716318;0.0648691;0.0565247;0.0468427;0.0360812;0.0245067;0.0123892;0;
0;0.0138816;0.0273182;0.0398843;0.0511916;0.060905;0.0687542;0.0745418;0.078147;0.0795244;0.0787;0.0757629;0.0708564;0.0641669;0.0559128;0.0463356;0.0356906;0.0242414;0.012255;0;
0;0.0137313;0.0270225;0.0394525;0.0506375;0.0602457;0.0680099;0.0737349;0.0773011;0.0786636;0.077848;0.0749428;0.0700894;0.0634723;0.0553076;0.045834;0.0353043;0.023979;0.0121224;0;
0;0.0135827;0.02673;0.0390255;0.0500893;0.0595936;0.0672738;0.0729368;0.0764643;0.0778121;0.0770054;0.0741315;0.0693307;0.0627852;0.0547089;0.0453379;0.0349221;0.0237194;0.0119912;0;
0;0.0134357;0.0264406;0.038603;0.0495471;0.0589485;0.0665455;0.0721473;0.0756366;0.0769698;0.0761718;0.0733291;0.0685802;0.0621056;0.0541167;0.0448471;0.0345441;0.0234627;0.0118614;0;
0;0.0132902;0.0261544;0.0381852;0.0490108;0.0583104;0.0658252;0.0713663;0.0748179;0.0761366;0.0753473;0.0725353;0.0678379;0.0614333;0.0535309;0.0443617;0.0341702;0.0232087;0.011733;0;
0;0.0131464;0.0258713;0.0377718;0.0484803;0.0576792;0.0651127;0.0705938;0.074008;0.0753125;0.0745316;0.0717501;0.0671036;0.0607683;0.0529514;0.0438815;0.0338003;0.0229575;0.011606;0;
0;0.013004;0.0255913;0.0373629;0.0479555;0.0570548;0.0644078;0.0698296;0.0732069;0.0744972;0.0737249;0.0709735;0.0663772;0.0601105;0.0523783;0.0434064;0.0334344;0.022709;0.0114803;0;
0;0.0128633;0.0253142;0.0369585;0.0474364;0.0564372;0.0637106;0.0690737;0.0724144;0.0736908;0.0729268;0.0702052;0.0656587;0.0594598;0.0518113;0.0429366;0.0330725;0.0224631;0.0113561;0;
0;0.012724;0.0250402;0.0365584;0.0469229;0.0558263;0.063021;0.068326;0.0716306;0.0728931;0.0721374;0.0694452;0.0649479;0.0588162;0.0512504;0.0424718;0.0327145;0.02222;0.0112331;0;
0;0.0125863;0.0247692;0.0361627;0.046415;0.055222;0.0623388;0.0675864;0.0708552;0.0721041;0.0713565;0.0686935;0.0642449;0.0581795;0.0506957;0.0420121;0.0323604;0.0219795;0.0111115;0;
0;0.0124501;0.024501;0.0357712;0.0459125;0.0546242;0.061664;0.0668548;0.0700882;0.0713236;0.0705841;0.0679499;0.0635494;0.0575497;0.0501469;0.0415573;0.0320101;0.0217415;0.0109913;0;
0;0.0123153;0.0242358;0.035384;0.0454155;0.0540329;0.0609965;0.0661311;0.0693295;0.0705515;0.06982;0.0672144;0.0628615;0.0569268;0.0496041;0.0411074;0.0316636;0.0215062;0.0108723;0;
0;0.012182;0.0239735;0.035001;0.0449239;0.053448;0.0603362;0.0654152;0.068579;0.0697878;0.0690643;0.0664868;0.0621811;0.0563105;0.0490671;0.0406625;0.0313208;0.0212734;0.0107546;0;
0;0.0120501;0.023714;0.0346221;0.0444376;0.0528695;0.0596831;0.0647071;0.0678367;0.0690324;0.0683167;0.0657671;0.061508;0.055701;0.048536;0.0402223;0.0309818;0.0210431;0.0106382;0;
0;0.0119197;0.0234573;0.0342474;0.0439566;0.0522972;0.059037;0.0640067;0.0671023;0.0682851;0.0675771;0.0650552;0.0608422;0.055098;0.0480106;0.0397869;0.0306464;0.0208153;0.010523;0;
0;0.0117906;0.0232034;0.0338766;0.0434808;0.0517311;0.058398;0.0633138;0.066376;0.0675459;0.0668456;0.064351;0.0601836;0.0545016;0.0474909;0.0393562;0.0303147;0.02059;0.0104091;0;
0;0.011663;0.0229522;0.0335099;0.0430101;0.0511711;0.0577658;0.0626285;0.0656575;0.0668148;0.066122;0.0636544;0.0595321;0.0539117;0.0469768;0.0389302;0.0299865;0.0203671;0.0102964;0;
0;0.0115368;0.0227037;0.0331472;0.0425445;0.0506172;0.0571405;0.0619506;0.0649468;0.0660915;0.0654063;0.0629654;0.0588877;0.0533281;0.0464683;0.0385088;0.0296619;0.0201467;0.010185;0;
0;0.0114119;0.022458;0.0327884;0.042084;0.0500693;0.056522;0.06128;0.0642437;0.0653761;0.0646983;0.0622838;0.0582502;0.0527508;0.0459653;0.0380919;0.0293408;0.0199286;0.0100747;0;
0;0.0112884;0.0222149;0.0324335;0.0416285;0.0495273;0.0559102;0.0606166;0.0635483;0.0646684;0.0639979;0.0616096;0.0576197;0.0521798;0.0454677;0.0376796;0.0290232;0.0197128;0.00996567;0;
0;0.0111662;0.0219744;0.0320824;0.0411778;0.0489912;0.0553049;0.0599605;0.0628604;0.0639684;0.0633052;0.0609427;0.056996;0.051615;0.0449755;0.0372717;0.0287091;0.0194995;0.0098578;0;
0;0.0110453;0.0217365;0.0317351;0.0407321;0.0484608;0.0547063;0.0593114;0.06218;0.0632759;0.0626199;0.060283;0.056379;0.0510562;0.0444887;0.0368683;0.0283983;0.0192884;0.00975109;0;
0;0.0109257;0.0215012;0.0313916;0.0402912;0.0479363;0.0541141;0.0586694;0.0615069;0.062591;0.0619421;0.0596304;0.0557687;0.0505036;0.0440071;0.0364692;0.0280909;0.0190796;0.00964554;0;
0;0.0108075;0.0212685;0.0310518;0.039855;0.0474174;0.0535283;0.0580343;0.0608411;0.0619135;0.0612716;0.0589849;0.055165;0.0499569;0.0435307;0.0360744;0.0277868;0.0188731;0.00954113;0;
0;0.0106905;0.0210383;0.0307156;0.0394236;0.0469041;0.0529489;0.0574061;0.0601825;0.0612433;0.0606083;0.0583464;0.0545679;0.0494161;0.0430595;0.0356839;0.027486;0.0186688;0.00943785;0;
0;0.0105747;0.0208105;0.0303831;0.0389969;0.0463964;0.0523757;0.0567847;0.059531;0.0605803;0.0599522;0.0577148;0.0539772;0.0488812;0.0425934;0.0352976;0.0271885;0.0184667;0.00933568;0;
0;0.0104603;0.0205853;0.0300543;0.0385747;0.0458941;0.0518088;0.05617;0.0588866;0.0599246;0.0593033;0.0570901;0.0533929;0.0483521;0.0421324;0.0349156;0.0268942;0.0182668;0.00923463;0;
0;0.0103471;0.0203624;0.0297289;0.0381572;0.0453973;0.051248;0.055562;0.0582492;0.0592759;0.0586613;0.0564721;0.0528149;0.0478287;0.0416763;0.0345376;0.0266031;0.018069;0.00913466;0;
0;0.010235;0.020142;0.0294071;0.0377441;0.0449059;0.0506932;0.0549605;0.0576187;0.0586342;0.0580263;0.0558608;0.0522432;0.0473109;0.0412252;0.0341637;0.0263151;0.0178735;0.00903578;0;
0;0.0101243;0.019924;0.0290888;0.0373356;0.0444198;0.0501445;0.0543656;0.0569949;0.0579995;0.0573982;0.0552561;0.0516777;0.0467988;0.0407789;0.0337939;0.0260302;0.01768;0.00893797;0;
0;0.0100147;0.0197083;0.0287739;0.0369314;0.043939;0.0496017;0.0537771;0.056378;0.0573717;0.0567769;0.054658;0.0511183;0.0462922;0.0403375;0.0334281;0.0257485;0.0174886;0.00884122;0;
0;0.00990626;0.019495;0.0284624;0.0365316;0.0434634;0.0490648;0.053195;0.0557677;0.0567507;0.0561623;0.0540663;0.050565;0.0457911;0.0399008;0.0330663;0.0254698;0.0172993;0.00874552;0;
0;0.00979902;0.0192839;0.0281543;0.0361362;0.0429929;0.0485336;0.0526191;0.055164;0.0561364;0.0555544;0.0534811;0.0500176;0.0452954;0.0394689;0.0327083;0.025194;0.017112;0.00865085;0;
0;0.00969295;0.0190752;0.0278496;0.035745;0.0425275;0.0480083;0.0520496;0.0545669;0.0555287;0.054953;0.0529022;0.0494762;0.0448051;0.0390417;0.0323543;0.0249213;0.0169268;0.00855721;0;
0;0.00958803;0.0188687;0.0275481;0.0353581;0.0420672;0.0474886;0.0514861;0.0539762;0.0549276;0.0543581;0.0523295;0.0489406;0.0443201;0.0386191;0.0320041;0.0246516;0.0167436;0.00846458;0;
0;0.00948424;0.0186645;0.0272499;0.0349754;0.0416118;0.0469745;0.0509288;0.0533919;0.054333;0.0537697;0.0517631;0.0484109;0.0438404;0.038201;0.0316576;0.0243847;0.0165623;0.00837295;0;
0;0.00938157;0.0184624;0.0269549;0.0345968;0.0411613;0.0464661;0.0503775;0.052814;0.0537449;0.0531877;0.0512027;0.0478868;0.0433658;0.0377875;0.0313149;0.0241208;0.016383;0.00828231;0;
0;0.00928002;0.0182626;0.0266632;0.0342223;0.0407158;0.0459631;0.0498322;0.0522423;0.0531631;0.0526119;0.0506485;0.0473685;0.0428964;0.0373785;0.030976;0.0238597;0.0162057;0.00819266;0;
0;0.00917957;0.0180649;0.0263745;0.0338518;0.040275;0.0454655;0.0492928;0.0516768;0.0525876;0.0520424;0.0501002;0.0468557;0.042432;0.0369739;0.0306406;0.0236014;0.0160303;0.00810398;0;
0;0.0090802;0.0178693;0.026089;0.0334854;0.0398391;0.0449734;0.0487592;0.0511174;0.0520184;0.0514791;0.0495579;0.0463485;0.0419727;0.0365736;0.030309;0.0233459;0.0158567;0.00801625;0;
0;0.00898191;0.0176759;0.0258066;0.0331229;0.0394078;0.0444866;0.0482314;0.0505641;0.0514553;0.0509218;0.0490215;0.0458468;0.0415184;0.0361777;0.0299809;0.0230932;0.0156851;0.00792948;0;
0;0.00888468;0.0174846;0.0255273;0.0327644;0.0389813;0.044005;0.0477093;0.0500167;0.0508983;0.0503706;0.0484908;0.0453505;0.041069;0.0357861;0.0296563;0.0228432;0.0155153;0.00784364;0;
0;0.00878851;0.0172953;0.025251;0.0324097;0.0385593;0.0435287;0.0471928;0.0494753;0.0503474;0.0498254;0.0479659;0.0448596;0.0406244;0.0353987;0.0293353;0.0225959;0.0153474;0.00775874;0;
0;0.00869337;0.0171081;0.0249776;0.0320589;0.0381419;0.0430575;0.046682;0.0489397;0.0498024;0.049286;0.0474467;0.044374;0.0401846;0.0350155;0.0290178;0.0223513;0.0151812;0.00767475;0;
0;0.00859927;0.0169229;0.0247072;0.0317118;0.037729;0.0425914;0.0461767;0.04841;0.0492633;0.0487525;0.0469331;0.0438937;0.0397497;0.0346365;0.0287037;0.0221094;0.0150169;0.00759168;0;
0;0.00850619;0.0167397;0.0244398;0.0313686;0.0373206;0.0421303;0.0456768;0.047886;0.04873;0.0482248;0.046425;0.0434185;0.0393194;0.0342616;0.028393;0.0218701;0.0148543;0.0075095;0;
0;0.00841411;0.0165585;0.0241752;0.031029;0.0369166;0.0416743;0.0451824;0.0473676;0.0482025;0.0477028;0.0459225;0.0429485;0.0388938;0.0338907;0.0280856;0.0216333;0.0146936;0.00742821;0;
0;0.00832303;0.0163793;0.0239135;0.0306931;0.036517;0.0412232;0.0446933;0.0468549;0.0476807;0.0471864;0.0454254;0.0424836;0.0384727;0.0335238;0.0277816;0.0213992;0.0145345;0.0073478;0;
0;0.00823293;0.016202;0.0236547;0.0303609;0.0361217;0.0407769;0.0442095;0.0463477;0.0471646;0.0466756;0.0449337;0.0420238;0.0380563;0.033161;0.0274809;0.0211675;0.0143772;0.00726826;0;
0;0.00814381;0.0160266;0.0233986;0.0300322;0.0357307;0.0403355;0.0437309;0.045846;0.0466541;0.0461704;0.0444473;0.0415689;0.0376443;0.032802;0.0271834;0.0209384;0.0142215;0.00718959;0;
0;0.00805566;0.0158531;0.0231453;0.0297071;0.0353439;0.0398989;0.0432576;0.0453497;0.046149;0.0456706;0.0439662;0.0411189;0.0372368;0.0324469;0.0268891;0.0207117;0.0140676;0.00711176;0;
0;0.00796846;0.0156815;0.0228948;0.0293856;0.0349613;0.039467;0.0427893;0.0448588;0.0456495;0.0451762;0.0434902;0.0406738;0.0368338;0.0320957;0.0265981;0.0204875;0.0139153;0.00703478;0;
0;0.0078822;0.0155117;0.022647;0.0290675;0.0345829;0.0390398;0.0423261;0.0443732;0.0451553;0.0446872;0.0430195;0.0402335;0.036435;0.0317483;0.0263101;0.0202658;0.0137647;0.00695863;0;
0;0.00779688;0.0153438;0.0224018;0.0287528;0.0342085;0.0386172;0.041868;0.0438929;0.0446665;0.0442035;0.0425538;0.039798;0.0360406;0.0314046;0.0260253;0.0200464;0.0136157;0.0068833;0;
0;0.00771248;0.0151777;0.0221593;0.0284416;0.0338383;0.0381992;0.0414148;0.0434178;0.044183;0.043725;0.0420932;0.0393672;0.0356505;0.0310647;0.0257436;0.0198294;0.0134683;0.00680879;0;
0;0.00762899;0.0150134;0.0219195;0.0281337;0.033472;0.0377857;0.0409664;0.0429478;0.0437048;0.0432516;0.0416375;0.038941;0.0352646;0.0307284;0.025465;0.0196147;0.0133225;0.00673509;0;
0;0.00754641;0.0148509;0.0216822;0.0278292;0.0331096;0.0373767;0.040523;0.0424829;0.0432317;0.0427835;0.0411868;0.0385195;0.0348829;0.0303958;0.0251893;0.0194024;0.0131783;0.00666218;0;
0;0.00746472;0.0146902;0.0214475;0.0275279;0.0327512;0.0369721;0.0400843;0.042023;0.0427637;0.0423203;0.040741;0.0381025;0.0345053;0.0300667;0.0249166;0.0191924;0.0130356;0.00659007;0;
0;0.00738392;0.0145312;0.0212153;0.0272299;0.0323967;0.0365719;0.0396504;0.0415681;0.0423008;0.0418622;0.0402999;0.0376901;0.0341318;0.0297413;0.0246469;0.0189846;0.0128945;0.00651873;0;
0;0.00730399;0.0143739;0.0209857;0.0269352;0.032046;0.036176;0.0392212;0.0411181;0.0418429;0.0414091;0.0398637;0.0372821;0.0337623;0.0294193;0.0243801;0.0187791;0.012755;0.00644817;0;
0;0.00722493;0.0142183;0.0207585;0.0266436;0.0316991;0.0357844;0.0387967;0.0406731;0.04139;0.0409608;0.0394322;0.0368785;0.0333968;0.0291009;0.0241162;0.0185758;0.0126169;0.00637837;0;
0;0.00714672;0.0140644;0.0205338;0.0263552;0.031356;0.035397;0.0383767;0.0402328;0.0409419;0.0405174;0.0390054;0.0364793;0.0330353;0.0287859;0.0238552;0.0183748;0.0124803;0.00630932;0;
0;0.00706936;0.0139121;0.0203115;0.0260699;0.0310166;0.0350139;0.0379613;0.0397973;0.0404987;0.0400789;0.0385831;0.0360845;0.0326777;0.0284743;0.0235969;0.0181759;0.0123452;0.00624103;0;
0;0.00699283;0.0137615;0.0200917;0.0257877;0.0306808;0.0346348;0.0375504;0.0393665;0.0400603;0.039645;0.0381655;0.0356939;0.032324;0.028166;0.0233415;0.0179791;0.0122116;0.00617347;0;
0;0.00691714;0.0136126;0.0198742;0.0255086;0.0303487;0.0342599;0.0371439;0.0389403;0.0396267;0.0392159;0.0377523;0.0353075;0.0319741;0.0278611;0.0230888;0.0177845;0.0120794;0.00610664;0;
0;0.00684226;0.0134652;0.019659;0.0252324;0.0300202;0.0338891;0.0367418;0.0385188;0.0391978;0.0387914;0.0373437;0.0349253;0.031628;0.0275596;0.0228389;0.017592;0.0119486;0.00604054;0;
0;0.0067682;0.0133194;0.0194462;0.0249593;0.0296952;0.0335222;0.0363441;0.0381019;0.0387734;0.0383715;0.0369394;0.0345472;0.0312856;0.0272612;0.0225917;0.0174016;0.0118193;0.00597515;0;
0;0.00669493;0.0131753;0.0192357;0.0246891;0.0293738;0.0331594;0.0359507;0.0376894;0.0383537;0.0379561;0.0365396;0.0341733;0.030947;0.0269661;0.0223471;0.0172132;0.0116914;0.00591047;0;
0;0.00662246;0.0130326;0.0190275;0.0244219;0.0290558;0.0328004;0.0355615;0.0372814;0.0379386;0.0375452;0.0361441;0.0338033;0.030612;0.0266742;0.0221052;0.0170269;0.0115648;0.00584649;0;
0;0.00655077;0.0128916;0.0188215;0.0241575;0.0287413;0.0324454;0.0351766;0.0368779;0.0375279;0.0371388;0.0357528;0.0334374;0.0302806;0.0263855;0.0218659;0.0168425;0.0114396;0.00578321;0;
0;0.00647986;0.012752;0.0186178;0.023896;0.0284302;0.0320942;0.0347958;0.0364787;0.0371217;0.0367368;0.0353658;0.0330755;0.0299528;0.0260999;0.0216293;0.0166602;0.0113158;0.0057206;0;
0;0.00640972;0.012614;0.0184163;0.0236374;0.0281224;0.0317467;0.0344191;0.0360838;0.0367198;0.0363391;0.034983;0.0327174;0.0296286;0.0258173;0.0213951;0.0164799;0.0111933;0.00565868;0;
0;0.00634034;0.0124774;0.0182169;0.0233815;0.027818;0.0314031;0.0340466;0.0356932;0.0363223;0.0359458;0.0346043;0.0323633;0.0293079;0.0255379;0.0211635;0.0163015;0.0110721;0.00559743;0;
0;0.0062717;0.0123424;0.0180197;0.0231284;0.0275169;0.0310632;0.033678;0.0353068;0.0359292;0.0355567;0.0342297;0.032013;0.0289906;0.0252614;0.0209344;0.016125;0.0109523;0.00553684;0;
0;0.00620382;0.0122088;0.0178247;0.022878;0.027219;0.0307269;0.0333135;0.0349247;0.0355402;0.0351718;0.0338592;0.0316664;0.0286768;0.024988;0.0207078;0.0159505;0.0108337;0.0054769;0;
0;0.00613666;0.0120766;0.0176317;0.0226304;0.0269244;0.0303943;0.0329529;0.0345466;0.0351555;0.034791;0.0334927;0.0313236;0.0283664;0.0247175;0.0204837;0.0157778;0.0107164;0.00541761;0;
0;0.00607023;0.0119459;0.0174409;0.0223854;0.0266329;0.0300653;0.0325962;0.0341726;0.034775;0.0344144;0.0331301;0.0309846;0.0280593;0.0244499;0.0202619;0.015607;0.0106004;0.00535897;0;
0;0.00600452;0.0118166;0.0172521;0.0221431;0.0263446;0.0297398;0.0322433;0.0338027;0.0343985;0.0340419;0.0327715;0.0306492;0.0277556;0.0241853;0.0200426;0.0154381;0.0104857;0.00530096;0;
0;0.00593953;0.0116887;0.0170653;0.0219034;0.0260595;0.0294179;0.0318943;0.0334368;0.0340262;0.0336734;0.0324167;0.0303174;0.0274551;0.0239235;0.0198257;0.015271;0.0103722;0.00524358;0;
0;0.00587523;0.0115621;0.0168806;0.0216663;0.0257774;0.0290995;0.031549;0.0330749;0.0336579;0.0333089;0.0320658;0.0299892;0.0271579;0.0236645;0.019611;0.0151057;0.0102599;0.00518682;0;
0;0.00581163;0.011437;0.0166979;0.0214318;0.0254984;0.0287845;0.0312075;0.0327169;0.0332935;0.0329483;0.0317187;0.0296646;0.026864;0.0234083;0.0193988;0.0149422;0.0101489;0.00513067;0;
0;0.00574872;0.0113132;0.0165171;0.0211998;0.0252223;0.0284729;0.0308697;0.0323627;0.0329331;0.0325917;0.0313754;0.0293435;0.0265732;0.023155;0.0191888;0.0147804;0.010039;0.00507513;0;
0;0.0056865;0.0111907;0.0163383;0.0209703;0.0249493;0.0281647;0.0305356;0.0320124;0.0325766;0.0322389;0.0310357;0.0290259;0.0262855;0.0229043;0.0189811;0.0146204;0.00993032;0.0050202;0;
0;0.00562494;0.0110696;0.0161615;0.0207433;0.0246792;0.0278598;0.030205;0.0316659;0.032224;0.0318899;0.0306998;0.0287117;0.026001;0.0226564;0.0187756;0.0144622;0.00982283;0.00496585;0;
0;0.00556405;0.0109498;0.0159865;0.0205188;0.0244121;0.0275582;0.029878;0.0313231;0.0318752;0.0315447;0.0303675;0.0284009;0.0257195;0.0224111;0.0185724;0.0143056;0.0097165;0.0049121;0;
0;0.00550382;0.0108312;0.0158135;0.0202966;0.0241478;0.0272599;0.0295546;0.030984;0.0315301;0.0312033;0.0300388;0.0280934;0.0254411;0.0221685;0.0183713;0.0141508;0.00961132;0.00485893;0;
0;0.00544425;0.010714;0.0156423;0.0200769;0.0238864;0.0269648;0.0292347;0.0306486;0.0311888;0.0308655;0.0297136;0.0277893;0.0251657;0.0219286;0.0181724;0.0139976;0.00950728;0.00480633;0;
0;0.00538531;0.010598;0.015473;0.0198596;0.0236279;0.0266729;0.0289182;0.0303169;0.0308512;0.0305314;0.029392;0.0274885;0.0248933;0.0216912;0.0179757;0.0138461;0.00940437;0.0047543;0;
0;0.00532702;0.0104833;0.0153055;0.0196446;0.0233721;0.0263842;0.0286052;0.0299887;0.0305173;0.0302009;0.0290738;0.027191;0.0246238;0.0214564;0.0177812;0.0136962;0.00930257;0.00470284;0;
0;0.00526935;0.0103698;0.0151398;0.019432;0.0231191;0.0260986;0.0282956;0.0296641;0.0301869;0.029874;0.0287591;0.0268966;0.0243573;0.0212241;0.0175887;0.0135479;0.00920187;0.00465193;0;
0;0.00521232;0.0102576;0.0149759;0.0192216;0.0228689;0.0258161;0.0279893;0.029343;0.0298602;0.0295506;0.0284478;0.0266055;0.0240936;0.0209944;0.0173983;0.0134013;0.00910226;0.00460158;0;
0;0.00515589;0.0101465;0.0148138;0.0190136;0.0226213;0.0255367;0.0276863;0.0290253;0.0295369;0.0292307;0.0281398;0.0263175;0.0238328;0.0207671;0.01721;0.0132562;0.00900373;0.00455177;0;
0;0.00510008;0.0100367;0.0146534;0.0188078;0.0223764;0.0252602;0.0273866;0.0287111;0.0292172;0.0289143;0.0278352;0.0260326;0.0235748;0.0205423;0.0170237;0.0131127;0.00890627;0.00450249;0;
0;0.00504487;0.00992804;0.0144948;0.0186042;0.0221342;0.0249868;0.0270901;0.0284003;0.0289009;0.0286013;0.0275339;0.0257508;0.0233197;0.02032;0.0168394;0.0129708;0.00880986;0.00445376;0;
0;0.00499027;0.00982057;0.0143379;0.0184028;0.0218946;0.0247163;0.0267969;0.0280929;0.0285881;0.0282917;0.0272359;0.025472;0.0230672;0.0201;0.0166571;0.0128304;0.0087145;0.00440554;0;
0;0.00493625;0.00971427;0.0141827;0.0182036;0.0216576;0.0244488;0.0265068;0.0277888;0.0282786;0.0279854;0.026941;0.0251963;0.0228175;0.0198824;0.0164768;0.0126915;0.00862016;0.00435786;0;
0;0.00488281;0.00960911;0.0140292;0.0180065;0.0214232;0.0241841;0.0262199;0.027488;0.0279725;0.0276825;0.0266494;0.0249236;0.0225705;0.0196672;0.0162984;0.0125541;0.00852685;0.00431068;0;
0;0.00482996;0.0095051;0.0138773;0.0178116;0.0211913;0.0239223;0.0259361;0.0271905;0.0276697;0.0273829;0.0263609;0.0246538;0.0223262;0.0194543;0.016122;0.0124182;0.00843455;0.00426402;0;
0;0.00477768;0.00940221;0.0137271;0.0176188;0.0209619;0.0236634;0.0256553;0.0268961;0.0273702;0.0270864;0.0260756;0.0243869;0.0220845;0.0192437;0.0159475;0.0122838;0.00834325;0.00421786;0;
0;0.00472596;0.00930043;0.0135785;0.0174281;0.020735;0.0234072;0.0253776;0.026605;0.0270739;0.0267932;0.0257933;0.0241229;0.0218455;0.0190354;0.0157749;0.0121508;0.00825294;0.00417221;0;
0;0.0046748;0.00919975;0.0134315;0.0172394;0.0205105;0.0231538;0.0251029;0.026317;0.0267809;0.0265032;0.0255141;0.0238618;0.021609;0.0188294;0.0156041;0.0120193;0.0081636;0.00412704;0;
0;0.0046242;0.00910017;0.0132861;0.0170528;0.0202885;0.0229032;0.0248312;0.0260321;0.026491;0.0262163;0.0252379;0.0236035;0.0213751;0.0186255;0.0154352;0.0118892;0.00807523;0.00408237;0;
0;0.00457414;0.00900166;0.0131423;0.0168682;0.0200689;0.0226553;0.0245624;0.0257503;0.0262042;0.0259325;0.0249647;0.023348;0.0211437;0.0184239;0.0152681;0.0117605;0.00798782;0.00403818;0;
0;0.00452463;0.00890422;0.0130001;0.0166856;0.0198517;0.0224101;0.0242965;0.0254716;0.0259206;0.0256518;0.0246945;0.0230953;0.0209148;0.0182245;0.0151028;0.0116332;0.00790135;0.00399447;0;
0;0.00447565;0.00880783;0.0128593;0.016505;0.0196368;0.0221675;0.0240335;0.0251959;0.02564;0.0253741;0.0244272;0.0228453;0.0206884;0.0180272;0.0149394;0.0115072;0.00781582;0.00395123;0;
0;0.0044272;0.00871249;0.0127201;0.0163263;0.0194242;0.0219275;0.0237733;0.0249231;0.0253624;0.0250995;0.0241628;0.022598;0.0204645;0.0178321;0.0147776;0.0113827;0.00773122;0.00390846;0;
0;0.00437928;0.00861818;0.0125824;0.0161496;0.0192139;0.0216902;0.023516;0.0246533;0.0250879;0.0248278;0.0239012;0.0223534;0.020243;0.017639;0.0146177;0.0112595;0.00764753;0.00386615;0;
0;0.00433187;0.00852489;0.0124462;0.0159748;0.019006;0.0214554;0.0232614;0.0243865;0.0248163;0.024559;0.0236425;0.0221114;0.0200238;0.0174481;0.0144594;0.0111376;0.00756475;0.0038243;0;
0;0.00428498;0.00843261;0.0123115;0.0158019;0.0188002;0.0212231;0.0230096;0.0241225;0.0245477;0.0242932;0.0233866;0.021872;0.0198071;0.0172592;0.0143029;0.011017;0.00748286;0.0037829;0;
0;0.0042386;0.00834133;0.0121782;0.0156308;0.0185967;0.0209934;0.0227606;0.0238614;0.024282;0.0240302;0.0231334;0.0216353;0.0195927;0.0170724;0.0141481;0.0108978;0.00740186;0.00374195;0;
0;0.00419272;0.00825104;0.0120464;0.0154616;0.0183954;0.0207661;0.0225142;0.0236031;0.0240191;0.0237701;0.022883;0.0214011;0.0193806;0.0168876;0.0139949;0.0107798;0.00732174;0.00370145;0;
0;0.00414733;0.00816172;0.011916;0.0152943;0.0181963;0.0205413;0.0222705;0.0233476;0.0237591;0.0235128;0.0226353;0.0211694;0.0191708;0.0167048;0.0138435;0.0106631;0.00724248;0.00366138;0;
0;0.00410244;0.00807337;0.011787;0.0151287;0.0179993;0.020319;0.0220294;0.0230949;0.0235019;0.0232583;0.0223903;0.0209403;0.0189633;0.016524;0.0136936;0.0105477;0.00716408;0.00362175;0;
0;0.00405803;0.00798598;0.0116594;0.0149649;0.0178045;0.020099;0.021791;0.0228449;0.0232475;0.0230065;0.0221479;0.0207136;0.018758;0.0163451;0.0135454;0.0104335;0.00708653;0.00358254;0;
0;0.0040141;0.00789954;0.0115332;0.0148029;0.0176117;0.0198815;0.0215551;0.0225976;0.0229959;0.0227575;0.0219082;0.0204894;0.018555;0.0161682;0.0133987;0.0103206;0.00700982;0.00354376;0;
0;0.00397065;0.00781403;0.0114084;0.0146427;0.0174211;0.0196663;0.0213217;0.022353;0.022747;0.0225111;0.021671;0.0202676;0.0183541;0.0159932;0.0132537;0.0102089;0.00693394;0.0035054;0;
0;0.00392767;0.00772944;0.0112849;0.0144842;0.0172325;0.0194534;0.0210909;0.022111;0.0225007;0.0222674;0.0214364;0.0200482;0.0181554;0.01582;0.0131102;0.0100983;0.00685889;0.00346746;0;
0;0.00388515;0.00764577;0.0111627;0.0143274;0.017046;0.0192428;0.0208626;0.0218716;0.0222572;0.0220264;0.0212044;0.0198312;0.0179589;0.0156488;0.0129683;0.00998903;0.00678464;0.00342992;0;
0;0.0038431;0.00756301;0.0110419;0.0141723;0.0168615;0.0190345;0.0206368;0.0216349;0.0220162;0.021788;0.0209749;0.0196165;0.0177645;0.0154794;0.0128279;0.0098809;0.0067112;0.00339279;0;
0;0.0038015;0.00748114;0.0109224;0.0140189;0.0166789;0.0188285;0.0204134;0.0214007;0.0217779;0.0215521;0.0207478;0.0194042;0.0175722;0.0153118;0.0126891;0.00977394;0.00663855;0.00335607;0;
0;0.00376035;0.00740016;0.0108041;0.0138672;0.0164984;0.0186246;0.0201924;0.021169;0.0215422;0.0213188;0.0205232;0.0191941;0.017382;0.0151461;0.0125517;0.00966814;0.00656669;0.00331974;0;
0;0.00371964;0.00732005;0.0106872;0.0137171;0.0163198;0.018423;0.0199739;0.0209399;0.021309;0.0210881;0.0203011;0.0189863;0.0171938;0.0149821;0.0124159;0.00956349;0.00649561;0.0032838;0;
0;0.00367938;0.00724082;0.0105715;0.0135686;0.0161431;0.0182236;0.0197577;0.0207132;0.0210783;0.0208598;0.0200813;0.0187808;0.0170077;0.01482;0.0122815;0.00945997;0.00642529;0.00324826;0;
0;0.00363955;0.00716244;0.0104571;0.0134217;0.0159684;0.0180263;0.0195438;0.020489;0.0208501;0.020634;0.0198639;0.0185775;0.0168236;0.0146595;0.0121485;0.00935756;0.00635574;0.0032131;0;
0;0.00360015;0.0070849;0.0103439;0.0132764;0.0157955;0.0178312;0.0193322;0.0202672;0.0206244;0.0204106;0.0196489;0.0183764;0.0166415;0.0145008;0.012017;0.00925627;0.00628694;0.00317831;0;
0;0.00356118;0.00700821;0.0102319;0.0131327;0.0156246;0.0176382;0.019123;0.0200478;0.0204012;0.0201897;0.0194362;0.0181775;0.0164614;0.0143439;0.0118869;0.00915607;0.00621889;0.00314391;0;
0;0.00352263;0.00693235;0.0101212;0.0129905;0.0154554;0.0174473;0.018916;0.0198308;0.0201804;0.0199711;0.0192258;0.0179807;0.0162832;0.0141886;0.0117583;0.00905696;0.00615157;0.00310988;0;
0;0.0034845;0.00685731;0.0100116;0.0128499;0.0152881;0.0172584;0.0187112;0.0196162;0.0199619;0.0197549;0.0190177;0.0177861;0.0161069;0.014035;0.011631;0.00895892;0.00608498;0.00307621;0;
0;0.00344678;0.00678308;0.00990322;0.0127108;0.0151226;0.0170716;0.0185087;0.0194038;0.0197458;0.0195411;0.0188118;0.0175936;0.0159326;0.0138831;0.0115051;0.00886194;0.00601911;0.00304291;0;
0;0.00340947;0.00670965;0.00979602;0.0125732;0.0149589;0.0168868;0.0183083;0.0191938;0.0195321;0.0193296;0.0186082;0.0174031;0.0157601;0.0137328;0.0113805;0.00876602;0.00595396;0.00300998;0;
0;0.00337256;0.00663702;0.00968998;0.0124371;0.014797;0.016704;0.0181101;0.018986;0.0193207;0.0191203;0.0184068;0.0172147;0.0155895;0.0135842;0.0112573;0.00867113;0.00588951;0.00297739;0;
0;0.00333606;0.00656518;0.00958509;0.0123025;0.0146368;0.0165232;0.0179141;0.0187805;0.0191115;0.0189134;0.0182075;0.0170284;0.0154207;0.0134371;0.0111355;0.00857726;0.00582575;0.00294516;0;
0;0.00329995;0.00649411;0.00948133;0.0121693;0.0144784;0.0163443;0.0177202;0.0185772;0.0189046;0.0187086;0.0180104;0.0168441;0.0152538;0.0132917;0.0110149;0.00848442;0.00576269;0.00291328;0;
0;0.00326422;0.00642382;0.0093787;0.0120376;0.0143217;0.0161674;0.0175283;0.0183761;0.0187;0.0185061;0.0178155;0.0166617;0.0150887;0.0131478;0.0108957;0.00839257;0.00570031;0.00288175;0;
0;0.00322889;0.00635428;0.00927718;0.0119073;0.0141666;0.0159924;0.0173386;0.0181772;0.0184976;0.0183058;0.0176226;0.0164814;0.0149254;0.0130055;0.0107778;0.00830173;0.00563861;0.00285055;0;
0;0.00319394;0.0062855;0.00917675;0.0117784;0.0140133;0.0158193;0.0171509;0.0179804;0.0182973;0.0181076;0.0174319;0.016303;0.0147638;0.0128647;0.0106611;0.00821186;0.00557757;0.0028197;0;
0;0.00315936;0.00621746;0.00907742;0.0116509;0.0138616;0.015648;0.0169653;0.0177858;0.0180993;0.0179116;0.0172432;0.0161265;0.014604;0.0127254;0.0105457;0.00812297;0.0055172;0.00278917;0;
0;0.00312517;0.00615016;0.00897916;0.0115248;0.0137116;0.0154786;0.0167816;0.0175933;0.0179034;0.0177177;0.0170565;0.0159519;0.0144459;0.0125877;0.0104315;0.00803504;0.00545747;0.00275898;0;
0;0.00309134;0.00608358;0.00888196;0.0114;0.0135631;0.0153111;0.0166;0.0174028;0.0177096;0.0175259;0.0168719;0.0157793;0.0142895;0.0124514;0.0103186;0.00794806;0.0053984;0.00272912;0;
0;0.00305787;0.00601773;0.00878581;0.0112766;0.0134163;0.0151454;0.0164203;0.0172144;0.0175179;0.0173362;0.0166893;0.0156084;0.0141348;0.0123166;0.0102069;0.00786203;0.00533996;0.00269958;0;
0;0.00302477;0.00595259;0.00869071;0.0111546;0.0132711;0.0149814;0.0162425;0.0170281;0.0173282;0.0171486;0.0165086;0.0154395;0.0139818;0.0121833;0.0100964;0.00777692;0.00528216;0.00267035;0;
0;0.00299203;0.00588815;0.00859664;0.0110338;0.0131274;0.0148192;0.0160667;0.0168438;0.0171407;0.0169629;0.0163299;0.0152724;0.0138305;0.0120514;0.00998715;0.00769274;0.00522498;0.00264145;0;
0;0.00295964;0.00582441;0.00850358;0.0109144;0.0129853;0.0146588;0.0158928;0.0166614;0.0169551;0.0167793;0.0161531;0.015107;0.0136808;0.011921;0.00987904;0.00760947;0.00516842;0.00261285;0;
0;0.0029276;0.00576137;0.00841153;0.0107962;0.0128448;0.0145001;0.0157208;0.0164811;0.0167716;0.0165977;0.0159783;0.0149435;0.0135327;0.0117919;0.0097721;0.0075271;0.00511247;0.00258457;0;
0;0.00289591;0.005699;0.00832048;0.0106794;0.0127057;0.0143432;0.0155506;0.0163027;0.01659;0.016418;0.0158053;0.0147818;0.0133862;0.0116643;0.00966632;0.00744562;0.00505713;0.00255659;0;
0;0.00286457;0.00563731;0.00823041;0.0105638;0.0125682;0.0141879;0.0153823;0.0161262;0.0164104;0.0162403;0.0156342;0.0146217;0.0132413;0.011538;0.00956169;0.00736502;0.00500239;0.00252892;0;
0;0.00283356;0.00557629;0.00814132;0.0104494;0.0124321;0.0140343;0.0152157;0.0159516;0.0162328;0.0160645;0.015465;0.0144635;0.013098;0.0114131;0.00945819;0.0072853;0.00494824;0.00250154;0;
0;0.00280289;0.00551593;0.00805319;0.0103363;0.0122976;0.0138824;0.015051;0.015779;0.0160571;0.0158906;0.0152976;0.0143069;0.0129562;0.0112896;0.0093558;0.00720644;0.00489468;0.00247447;0;
0;0.00277254;0.00545622;0.00796602;0.0102244;0.0121644;0.0137322;0.0148881;0.0156082;0.0158833;0.0157186;0.015132;0.014152;0.0128159;0.0111674;0.00925453;0.00712843;0.00484169;0.00244768;0;
0;0.00274253;0.00539716;0.00787979;0.0101137;0.0120328;0.0135835;0.014727;0.0154392;0.0157113;0.0155485;0.0149682;0.0139988;0.0126772;0.0110465;0.00915435;0.00705126;0.00478928;0.00242118;0;
0;0.00271285;0.00533873;0.00779449;0.0100043;0.0119025;0.0134365;0.0145675;0.0152721;0.0155413;0.0153801;0.0148062;0.0138473;0.01254;0.0109269;0.00905526;0.00697494;0.00473744;0.00239498;0;
0;0.00268348;0.00528094;0.00771012;0.00989596;0.0117737;0.013291;0.0144098;0.0151068;0.015373;0.0152137;0.0146459;0.0136974;0.0124042;0.0108086;0.00895724;0.00689943;0.00468616;0.00236905;0;
0;0.00265443;0.00522378;0.00762666;0.00978884;0.0116462;0.0131472;0.0142539;0.0149432;0.0152066;0.015049;0.0144874;0.0135491;0.01227;0.0106916;0.00886028;0.00682475;0.00463543;0.00234341;0;
0;0.0026257;0.00516723;0.0075441;0.00968288;0.0115202;0.0130048;0.0140996;0.0147815;0.015042;0.0148861;0.0143305;0.0134025;0.0121371;0.0105759;0.00876437;0.00675087;0.00458525;0.00231804;0;
0;0.00259728;0.0051113;0.00746244;0.00957806;0.0113955;0.0128641;0.0139469;0.0146215;0.0148792;0.0147249;0.0141754;0.0132574;0.0120058;0.0104614;0.00866949;0.0066778;0.00453562;0.00229295;0;
0;0.00256916;0.00505597;0.00738166;0.00947438;0.0112721;0.0127248;0.013796;0.0144632;0.0147181;0.0145655;0.014022;0.0131139;0.0118758;0.0103482;0.00857565;0.00660551;0.00448652;0.00226813;0;
0;0.00254135;0.00500124;0.00730175;0.00937183;0.0111501;0.0125871;0.0136466;0.0143066;0.0145588;0.0144079;0.0138702;0.0129719;0.0117473;0.0102362;0.00848282;0.00653401;0.00443796;0.00224357;0;
0;0.00251384;0.0049471;0.00722271;0.00927038;0.0110294;0.0124508;0.0134989;0.0141518;0.0144012;0.0142519;0.01372;0.0128315;0.0116201;0.0101254;0.00839099;0.00646328;0.00438992;0.00221929;0;
0;0.00248663;0.00489355;0.00714453;0.00917003;0.01091;0.012316;0.0133528;0.0139986;0.0142453;0.0140976;0.0135715;0.0126926;0.0114943;0.0100157;0.00830016;0.00639332;0.0043424;0.00219527;0;
0;0.00245971;0.00484058;0.00706719;0.00907077;0.0107919;0.0121827;0.0132082;0.0138471;0.0140911;0.013945;0.0134246;0.0125552;0.0113699;0.00990733;0.00821032;0.00632411;0.00429539;0.0021715;0;
0;0.00243309;0.00478818;0.00699069;0.00897258;0.0106751;0.0120508;0.0130653;0.0136972;0.0139386;0.0137941;0.0132793;0.0124193;0.0112468;0.00980009;0.00812144;0.00625565;0.0042489;0.002148;0;
0;0.00240675;0.00473635;0.00691502;0.00887545;0.0105595;0.0119204;0.0129238;0.0135489;0.0137877;0.0136448;0.0131355;0.0122849;0.0111251;0.009694;0.00803353;0.00618794;0.0042029;0.00212474;0;
0;0.0023807;0.00468508;0.00684016;0.00877938;0.0104452;0.0117914;0.0127839;0.0134022;0.0136385;0.0134971;0.0129934;0.0121519;0.0110046;0.00958907;0.00794657;0.00612095;0.00415741;0.00210174;0;
0;0.00235493;0.00463437;0.00676612;0.00868434;0.0103322;0.0116637;0.0126456;0.0132572;0.0134908;0.013351;0.0128527;0.0120204;0.0108855;0.00948527;0.00786055;0.0060547;0.0041124;0.00207899;0;
0;0.00232943;0.0045842;0.00669288;0.00859034;0.0102203;0.0115375;0.0125087;0.0131137;0.0133448;0.0132064;0.0127136;0.0118902;0.0107677;0.00938259;0.00777546;0.00598916;0.00406789;0.00205649;0;
0;0.00230422;0.00453458;0.00662043;0.00849735;0.0101097;0.0114126;0.0123733;0.0129717;0.0132003;0.0130635;0.012576;0.0117615;0.0106511;0.00928103;0.00769129;0.00592432;0.00402386;0.00203423;0;
0;0.00227928;0.00448549;0.00654877;0.00840537;0.0100002;0.011289;0.0122393;0.0128313;0.0130575;0.0129221;0.0124398;0.0116342;0.0105358;0.00918056;0.00760804;0.0058602;0.0039803;0.00201221;0;
0;0.0022546;0.00443694;0.00647788;0.00831438;0.009892;0.0111668;0.0121068;0.0126924;0.0129161;0.0127822;0.0123052;0.0115083;0.0104218;0.00908119;0.00752568;0.00579676;0.00393721;0.00199043;0;
0;0.0022302;0.00438891;0.00640776;0.00822438;0.00978492;0.011046;0.0119758;0.012555;0.0127763;0.0126438;0.012172;0.0113837;0.010309;0.00898289;0.00744422;0.00573401;0.00389459;0.00196888;0;
0;0.00220606;0.0043414;0.00633839;0.00813535;0.009679;0.0109264;0.0118462;0.0124191;0.012638;0.012507;0.0120402;0.0112605;0.0101974;0.00888565;0.00736364;0.00567194;0.00385243;0.00194757;0;
0;0.00218218;0.0042944;0.00626978;0.00804729;0.00957423;0.0108081;0.0117179;0.0122847;0.0125012;0.0123716;0.0119099;0.0111386;0.010087;0.00878946;0.00728393;0.00561055;0.00381073;0.00192649;0;
0;0.00215855;0.00424792;0.00620191;0.00796018;0.00947059;0.0106911;0.0115911;0.0121517;0.0123659;0.0122377;0.011781;0.011018;0.0099778;0.00869432;0.00720508;0.00554981;0.00376948;0.00190563;0;
0;0.00213519;0.00420194;0.00613478;0.00787401;0.00936807;0.0105754;0.0114656;0.0120201;0.012232;0.0121052;0.0116534;0.0108987;0.00986979;0.00860021;0.00712709;0.00548974;0.00372868;0.001885;0;
0;0.00211208;0.00415645;0.00606837;0.00778878;0.00926666;0.0104609;0.0113415;0.01189;0.0120996;0.0119742;0.0115273;0.0107808;0.00976296;0.00850711;0.00704994;0.00543031;0.00368832;0.0018646;0;
0;0.00208921;0.00411146;0.00600268;0.00770447;0.00916636;0.0103477;0.0112187;0.0117613;0.0119686;0.0118445;0.0114025;0.0106641;0.00965727;0.00841502;0.00697362;0.00537153;0.00364839;0.00184442;0;
0;0.0020666;0.00406695;0.00593771;0.00762107;0.00906713;0.0102357;0.0110973;0.011634;0.0118391;0.0117163;0.0112791;0.0105486;0.00955274;0.00832393;0.00689814;0.00531338;0.0036089;0.00182445;0;
0;0.00204423;0.00402293;0.00587343;0.00753857;0.00896898;0.0101249;0.0109772;0.0115081;0.0117109;0.0115895;0.011157;0.0104344;0.00944933;0.00823383;0.00682347;0.00525587;0.00356983;0.0018047;0;
0;0.0020221;0.00397938;0.00580985;0.00745697;0.0088719;0.0100153;0.0108583;0.0113835;0.0115841;0.011464;0.0110362;0.0103215;0.00934704;0.0081447;0.0067496;0.00519898;0.00353119;0.00178517;0;
0;0.00200021;0.00393631;0.00574696;0.00737625;0.00877586;0.00990686;0.0107408;0.0112603;0.0114588;0.01134;0.0109167;0.0102098;0.00924586;0.00805653;0.00667654;0.0051427;0.00349297;0.00176584;0;
0;0.00197856;0.0038937;0.00568475;0.0072964;0.00868086;0.00979962;0.0106245;0.0111384;0.0113347;0.0112172;0.0107986;0.0100993;0.00914578;0.00796932;0.00660427;0.00508703;0.00345516;0.00174673;0;
0;0.00195714;0.00385155;0.00562322;0.00721742;0.00858689;0.00969354;0.0105095;0.0110178;0.011212;0.0110958;0.0106817;0.00998993;0.00904678;0.00788306;0.00653278;0.00503196;0.00341776;0.00172782;0;
0;0.00193596;0.00380986;0.00556235;0.00713929;0.00849394;0.00958861;0.0103958;0.0108986;0.0110907;0.0109757;0.0105661;0.00988179;0.00894885;0.00779773;0.00646206;0.00497749;0.00338076;0.00170912;0;
0;0.001915;0.00376862;0.00550214;0.00706201;0.008402;0.00948481;0.0102832;0.0107806;0.0109706;0.0108569;0.0104517;0.00977482;0.00885198;0.00771332;0.00639211;0.00492361;0.00334416;0.00169062;0;
0;0.00189427;0.00372782;0.00544258;0.00698557;0.00831105;0.00938214;0.0101719;0.0106639;0.0108518;0.0107393;0.0103385;0.00966901;0.00875616;0.00762982;0.00632292;0.00487032;0.00330796;0.00167231;0;
0;0.00187377;0.00368747;0.00538366;0.00690995;0.00822108;0.00928058;0.0100618;0.0105484;0.0107344;0.0106231;0.0102266;0.00956435;0.00866138;0.00754723;0.00625448;0.0048176;0.00327216;0.00165421;0;
0;0.00185348;0.00364755;0.00532539;0.00683515;0.00813209;0.00918012;0.0099529;0.0104343;0.0106182;0.0105081;0.0101159;0.00946082;0.00856762;0.00746554;0.00618677;0.00476545;0.00323674;0.00163631;0;
0;0.00183342;0.00360807;0.00526774;0.00676116;0.00804406;0.00908075;0.00984516;0.0103213;0.0105032;0.0103943;0.0100064;0.00935841;0.00847488;0.00738472;0.0061198;0.00471386;0.0032017;0.00161859;0;
0;0.00181357;0.00356901;0.00521072;0.00668798;0.00795699;0.00898245;0.00973859;0.0102096;0.0103895;0.0102818;0.00989811;0.0092571;0.00838314;0.00730478;0.00605356;0.00466284;0.00316704;0.00160107;0;
0;0.00179394;0.00353038;0.00515431;0.00661558;0.00787086;0.00888522;0.00963317;0.0100991;0.0102771;0.0101705;0.00979097;0.0091569;0.00829239;0.00722571;0.00598803;0.00461236;0.00313276;0.00158374;0;
0;0.00177452;0.00349216;0.00509852;0.00654397;0.00778566;0.00878904;0.00952889;0.00998975;0.0101658;0.0100604;0.00968498;0.00905778;0.00820263;0.0071475;0.00592321;0.00456243;0.00309885;0.0015666;0;
0;0.00175531;0.00345436;0.00504333;0.00647313;0.00770138;0.0086939;0.00942574;0.00988162;0.0100558;0.00995153;0.00958015;0.00895973;0.00811384;0.00707013;0.00585909;0.00451305;0.0030653;0.00154964;0;
0;0.00173631;0.00341697;0.00498874;0.00640306;0.00761801;0.00859979;0.00932371;0.00977465;0.00994694;0.00984381;0.00947644;0.00886274;0.00802601;0.00699359;0.00579567;0.00446419;0.00303212;0.00153286;0;
0;0;0;0;0;0;0;0;0;0;0;0;0;0;0;0;0;0;0;0;
0;0;0;0;0;0;0;0;0;0;0;0;0;0;0;0;0;0;0;0;
0;0;0;0;0;0;0;0;0;0;0;0;0;0;0;0;0;0;0;0;
0;0;0;0;0;0;0;0;0;0;0;0;0;0;0;0;0;0;0;0;
0;0;0;0;0;0;0;0;0;0;0;0;0;0;0;0;0;0;0;0;
0;0;0;0;0;0;0;0;0;0;0;0;0;0;0;0;0;0;0;0;
0;0;0;0;0;0;0;0;0;0;0;0;0;0;0;0;0;0;0;0;
0;0;0;0;0;0;0;0;0;0;0;0;0;0;0;0;0;0;0;0;
0;0;0;0;0;0;0;0;0;0;0;0;0;0;0;0;0;0;0;0;
0;0;0;0;0;0;0;0;0;0;0;0;0;0;0;0;0;0;0;0;
0;0;0;0;0;0;0;0;0;0;0;0;0;0;0;0;0;0;0;0;
0;0;0;0;0;0;0;0;0;0;0;0;0;0;0;0;0;0;0;0;
0;0;0;0;0;0;0;0;0;0;0;0;0;0;0;0;0;0;0;0;
0;0;0;0;0;0;0;0;0;0;0;0;0;0;0;0;0;0;0;0;
0;0;0;0;0;0;0;0;0;0;0;0;0;0;0;0;0;0;0;0;
0;0;0;0;0;0;0;0;0;0;0;0;0;0;0;0;0;0;0;0;
0;0;0;0;0;0;0;0;0;0;0;0;0;0;0;0;0;0;0;0;
0;0;0;0;0;0;0;0;0;0;0;0;0;0;0;0;0;0;0;0;
0;0;0;0;0;0;0;0;0;0;0;0;0;0;0;0;0;0;0;0;
0;0;0;0;0;0;0;0;0;0;0;0;0;0;0;0;0;0;0;0;
0;0;0;0;0;0;0;0;0;0;0;0;0;0;0;0;0;0;0;0;
0;0;0;0;0;0;0;0;0;0;0;0;0;0;0;0;0;0;0;0;
0;0;0;0;0;0;0;0;0;0;0;0;0;0;0;0;0;0;0;0;
0;0;0;0;0;0;0;0;0;0;0;0;0;0;0;0;0;0;0;0;
0;0;0;0;0;0;0;0;0;0;0;0;0;0;0;0;0;0;0;0;
0;0;0;0;0;0;0;0;0;0;0;0;0;0;0;0;0;0;0;0;
0;0;0;0;0;0;0;0;0;0;0;0;0;0;0;0;0;0;0;0;
0;0;0;0;0;0;0;0;0;0;0;0;0;0;0;0;0;0;0;0;
0;0;0;0;0;0;0;0;0;0;0;0;0;0;0;0;0;0;0;0;
0;0;0;0;0;0;0;0;0;0;0;0;0;0;0;0;0;0;0;0;
0;0;0;0;0;0;0;0;0;0;0;0;0;0;0;0;0;0;0;0;
0;0;0;0;0;0;0;0;0;0;0;0;0;0;0;0;0;0;0;0;
0;0;0;0;0;0;0;0;0;0;0;0;0;0;0;0;0;0;0;0;
0;0;0;0;0;0;0;0;0;0;0;0;0;0;0;0;0;0;0;0;
0;0;0;0;0;0;0;0;0;0;0;0;0;0;0;0;0;0;0;0;
0;0;0;0;0;0;0;0;0;0;0;0;0;0;0;0;0;0;0;0;
0;0;0;0;0;0;0;0;0;0;0;0;0;0;0;0;0;0;0;0;
0;0;0;0;0;0;0;0;0;0;0;0;0;0;0;0;0;0;0;0;
0;0;0;0;0;0;0;0;0;0;0;0;0;0;0;0;0;0;0;0;
0;0;0;0;0;0;0;0;0;0;0;0;0;0;0;0;0;0;0;0;
0;0;0;0;0;0;0;0;0;0;0;0;0;0;0;0;0;0;0;0;
0;0;0;0;0;0;0;0;0;0;0;0;0;0;0;0;0;0;0;0;
0;0;0;0;0;0;0;0;0;0;0;0;0;0;0;0;0;0;0;0;
0;0;0;0;0;0;0;0;0;0;0;0;0;0;0;0;0;0;0;0;
0;0;0;0;0;0;0;0;0;0;0;0;0;0;0;0;0;0;0;0;
0;0;0;0;0;0;0;0;0;0;0;0;0;0;0;0;0;0;0;0;
0;0;0;0;0;0;0;0;0;0;0;0;0;0;0;0;0;0;0;0;
0;0;0;0;0;0;0;0;0;0;0;0;0;0;0;0;0;0;0;0;
0;0;0;0;0;0;0;0;0;0;0;0;0;0;0;0;0;0;0;0;
0;0;0;0;0;0;0;0;0;0;0;0;0;0;0;0;0;0;0;0;
0;0;0;0;0;0;0;0;0;0;0;0;0;0;0;0;0;0;0;0;
0;0;0;0;0;0;0;0;0;0;0;0;0;0;0;0;0;0;0;0;
0;0;0;0;0;0;0;0;0;0;0;0;0;0;0;0;0;0;0;0;
0;0;0;0;0;0;0;0;0;0;0;0;0;0;0;0;0;0;0;0;
0;0;0;0;0;0;0;0;0;0;0;0;0;0;0;0;0;0;0;0;
0;0;0;0;0;0;0;0;0;0;0;0;0;0;0;0;0;0;0;0;
0;0;0;0;0;0;0;0;0;0;0;0;0;0;0;0;0;0;0;0;
0;0;0;0;0;0;0;0;0;0;0;0;0;0;0;0;0;0;0;0;
0;0;0;0;0;0;0;0;0;0;0;0;0;0;0;0;0;0;0;0;
0;0;0;0;0;0;0;0;0;0;0;0;0;0;0;0;0;0;0;0;
0;0;0;0;0;0;0;0;0;0;0;0;0;0;0;0;0;0;0;0;
0;0;0;0;0;0;0;0;0;0;0;0;0;0;0;0;0;0;0;0;
0;0;0;0;0;0;0;0;0;0;0;0;0;0;0;0;0;0;0;0;
0;0;0;0;0;0;0;0;0;0;0;0;0;0;0;0;0;0;0;0;
0;0;0;0;0;0;0;0;0;0;0;0;0;0;0;0;0;0;0;0;
0;0;0;0;0;0;0;0;0;0;0;0;0;0;0;0;0;0;0;0;
0;0;0;0;0;0;0;0;0;0;0;0;0;0;0;0;0;0;0;0;
0;0;0;0;0;0;0;0;0;0;0;0;0;0;0;0;0;0;0;0;
0;0;0;0;0;0;0;0;0;0;0;0;0;0;0;0;0;0;0;0;
0;0;0;0;0;0;0;0;0;0;0;0;0;0;0;0;0;0;0;0;
0;0;0;0;0;0;0;0;0;0;0;0;0;0;0;0;0;0;0;0;
0;0;0;0;0;0;0;0;0;0;0;0;0;0;0;0;0;0;0;0;
0;0;0;0;0;0;0;0;0;0;0;0;0;0;0;0;0;0;0;0;
0;0;0;0;0;0;0;0;0;0;0;0;0;0;0;0;0;0;0;0;
0;0;0;0;0;0;0;0;0;0;0;0;0;0;0;0;0;0;0;0;
0;0;0;0;0;0;0;0;0;0;0;0;0;0;0;0;0;0;0;0;
0;0;0;0;0;0;0;0;0;0;0;0;0;0;0;0;0;0;0;0;
0;0;0;0;0;0;0;0;0;0;0;0;0;0;0;0;0;0;0;0;
0;0;0;0;0;0;0;0;0;0;0;0;0;0;0;0;0;0;0;0;
0;0;0;0;0;0;0;0;0;0;0;0;0;0;0;0;0;0;0;0;
0;0;0;0;0;0;0;0;0;0;0;0;0;0;0;0;0;0;0;0;
0;0;0;0;0;0;0;0;0;0;0;0;0;0;0;0;0;0;0;0;
0;0;0;0;0;0;0;0;0;0;0;0;0;0;0;0;0;0;0;0;
0;0;0;0;0;0;0;0;0;0;0;0;0;0;0;0;0;0;0;0;
0;0;0;0;0;0;0;0;0;0;0;0;0;0;0;0;0;0;0;0;
0;0;0;0;0;0;0;0;0;0;0;0;0;0;0;0;0;0;0;0;
0;0;0;0;0;0;0;0;0;0;0;0;0;0;0;0;0;0;0;0;
