0;0.333489;0.683277;1.01512;1.29655;1.5;1.60557;1.60291;1.49229;1.28455;1;0.666511;0.316723;-0.0151244;-0.296548;-0.5;-0.605565;-0.60291;-0.492294;0;
0;0.340008;0.676101;0.994955;1.26536;1.46085;1.56228;1.55973;1.45344;1.25383;0.980423;0.659992;0.323899;0.00504522;-0.265359;-0.460845;-0.562277;-0.559725;-0.339623;0;
0;0.338442;0.669205;0.975575;1.23539;1.42322;1.52068;1.51823;1.41611;1.22431;0.961612;0.653727;0.330795;0.0244251;-0.235392;-0.423224;-0.520684;-0.472705;-0.291815;0;
0;0.335371;0.659448;0.956954;1.2066;1.38707;1.48072;1.47836;1.38024;1.19595;0.943537;0.647708;0.33742;0.0430461;-0.206598;-0.387075;-0.462508;-0.41954;-0.247445;0;
0;0.330853;0.648819;0.937809;1.17893;1.35234;1.44232;1.44006;1.34577;1.1687;0.926171;0.641924;0.343786;0.060938;-0.178931;-0.345057;-0.415148;-0.367889;-0.217305;0;
0;0.325698;0.637229;0.918662;1.15185;1.31897;1.40542;1.40325;1.31266;1.14252;0.909484;0.636367;0.349902;0.0781294;-0.149434;-0.306643;-0.368208;-0.326559;-0.190617;0;
0;0.320031;0.62519;0.899362;1.12542;1.2867;1.36997;1.36788;1.28084;1.11736;0.893451;0.631028;0.355779;0.0958132;-0.121292;-0.268385;-0.326922;-0.288842;-0.168747;0;
0;0.314082;0.612795;0.880117;1.09951;1.2555;1.33583;1.3339;1.25026;1.09319;0.878045;0.625898;0.361892;0.112957;-0.0932873;-0.232963;-0.288275;-0.256036;-0.149286;0;
0;0.307935;0.600239;0.860946;1.07415;1.22523;1.30292;1.30122;1.22089;1.06996;0.863243;0.621155;0.36792;0.130033;-0.0666597;-0.199218;-0.253255;-0.226232;-0.132272;0;
0;0.301682;0.5876;0.841944;1.0493;1.19588;1.27117;1.26977;1.19265;1.04764;0.849095;0.616696;0.374059;0.146511;-0.0410056;-0.167809;-0.220831;-0.199457;-0.116947;0;
0;0.295376;0.57497;0.823149;1.02499;1.16736;1.24049;1.23948;1.16549;1.02623;0.835555;0.612601;0.380095;0.162524;-0.0167204;-0.138296;-0.191073;-0.175002;-0.103172;0;
0;0.289063;0.562404;0.804613;1.0012;1.13966;1.21083;1.21029;1.13938;1.00567;0.822642;0.60878;0.386069;0.177855;0.00634684;-0.110776;-0.163534;-0.152698;-0.0906354;0;
0;0.282774;0.549952;0.786365;0.977951;1.11275;1.18215;1.18214;1.11426;0.985942;0.810307;0.60524;0.391868;0.192537;0.0281006;-0.0850302;-0.138097;-0.132207;-0.0792064;0;
0;0.276536;0.537646;0.768434;0.955235;1.08659;1.15439;1.15499;1.09009;0.967015;0.798534;0.601918;0.397485;0.206495;0.0486229;-0.0610045;-0.114514;-0.113363;-0.0687243;0;
0;0.270366;0.525517;0.750839;0.933056;1.06117;1.12751;1.12879;1.06682;0.948851;0.78728;0.598791;0.402862;0.219742;0.0679207;-0.0385575;-0.0926498;-0.095968;-0.05909;0;
0;0.26428;0.513585;0.733597;0.911414;1.03646;1.10148;1.10349;1.04442;0.93141;0.776513;0.595815;0.407986;0.232261;0.0860579;-0.0176032;-0.0723402;-0.0798895;-0.0502052;0;
0;0.25829;0.501868;0.716719;0.890306;1.01245;1.07628;1.07906;1.02284;0.914655;0.766193;0.592962;0.412828;0.24407;0.103075;0.00196646;-0.0534651;-0.0649961;-0.0419968;0;
0;0.252405;0.490377;0.700213;0.869729;0.989123;1.05186;1.05546;1.00205;0.898546;0.756285;0.590201;0.417378;0.255175;0.119029;0.0202372;-0.0359049;-0.051184;-0.0343978;0;
0;0.246632;0.479123;0.684085;0.84968;0.96646;1.0282;1.03266;0.982013;0.883045;0.746756;0.587506;0.421626;0.265598;0.133971;0.0372973;-0.0195597;-0.0383579;-0.0273532;0;
0;0.240976;0.468111;0.668338;0.830154;0.944446;1.00529;1.01062;0.962684;0.868116;0.737571;0.584854;0.425567;0.275358;0.147952;0.0532239;-0.00433617;-0.0264367;-0.0208138;0;
0;0.23544;0.457348;0.652974;0.811145;0.923066;0.983083;0.989312;0.944031;0.853725;0.728702;0.582226;0.429198;0.284479;0.161023;0.0680912;0.00984764;-0.0153473;-0.0147374;0;
0;0.230027;0.446835;0.637992;0.792645;0.902304;0.961568;0.968708;0.926021;0.839838;0.720121;0.579605;0.432522;0.292984;0.173233;0.0819666;0.0230671;-0.00502538;-0.00908642;0;
0;0.224739;0.436575;0.62339;0.774647;0.882146;0.940719;0.948777;0.908623;0.826425;0.711802;0.576978;0.43554;0.300899;0.184627;0.0949133;0.0353899;0.00458719;-0.00382744;0;
0;0.219578;0.426567;0.609167;0.757144;0.862576;0.920513;0.929492;0.891805;0.813455;0.703721;0.574332;0.438259;0.308247;0.19525;0.106989;0.0468782;0.0135424;0.00106939;0;
0;0.214542;0.416811;0.595318;0.740126;0.843578;0.90093;0.910826;0.87554;0.800902;0.695859;0.571659;0.440683;0.315053;0.205144;0.118249;0.0575884;0.0218875;0.00563085;0;
0;0.209633;0.407306;0.581838;0.723583;0.825138;0.881947;0.892753;0.859799;0.78874;0.688196;0.568949;0.442821;0.321342;0.21435;0.128743;0.0675724;0.0296652;0.00988118;0;
0;0.204849;0.39805;0.568724;0.707507;0.80724;0.863546;0.875249;0.844557;0.776946;0.680715;0.566197;0.44468;0.327137;0.222904;0.138517;0.0768778;0.0369145;0.0138423;0;
0;0.20019;0.389039;0.555967;0.691887;0.789869;0.845705;0.858291;0.829789;0.765498;0.6734;0.563397;0.446269;0.332461;0.230842;0.147616;0.0855483;0.0436709;0.0175342;0;
0;0.195654;0.380271;0.543564;0.676712;0.77301;0.828405;0.841856;0.815473;0.754375;0.666238;0.560547;0.447597;0.337337;0.238199;0.15608;0.0936245;0.0499672;0.0209752;0;
0;0.191239;0.371741;0.531506;0.661972;0.756649;0.811628;0.825923;0.801587;0.74356;0.659217;0.557644;0.448673;0.341786;0.245006;0.163945;0.101144;0.0558333;0.0241819;0;
0;0.186944;0.363446;0.519786;0.647656;0.74077;0.795354;0.81047;0.78811;0.733033;0.652325;0.554685;0.449506;0.345829;0.251294;0.171249;0.10814;0.0612969;0.0271697;0;
0;0.182767;0.355381;0.508398;0.633754;0.725358;0.779567;0.79548;0.775024;0.722781;0.645552;0.551669;0.450107;0.349486;0.25709;0.178023;0.114646;0.0663834;0.0299527;0;
0;0.178706;0.347543;0.497334;0.620253;0.7104;0.764249;0.780932;0.762309;0.712786;0.63889;0.548597;0.450483;0.352776;0.262422;0.184299;0.120692;0.0711163;0.0325439;0;
0;0.174758;0.339924;0.486585;0.607144;0.695881;0.749382;0.766809;0.749949;0.703037;0.632332;0.545469;0.450646;0.355717;0.267314;0.190105;0.126305;0.0755176;0.0349553;0;
0;0.170921;0.332522;0.476144;0.594415;0.681787;0.734953;0.753095;0.737928;0.69352;0.625869;0.542285;0.450604;0.358328;0.271792;0.195469;0.13151;0.0796075;0.0371981;0;
0;0.167193;0.325331;0.466004;0.582055;0.668104;0.720943;0.739771;0.726231;0.684223;0.619496;0.539046;0.450366;0.360624;0.275877;0.200415;0.136333;0.0834048;0.0392826;0;
0;0.163571;0.318345;0.456155;0.570054;0.65482;0.707339;0.726824;0.714844;0.675135;0.613207;0.535754;0.449941;0.362622;0.279591;0.204967;0.140794;0.086927;0.0412184;0;
0;0.160052;0.311559;0.446591;0.558401;0.641921;0.694125;0.714238;0.703753;0.666247;0.606997;0.53241;0.449338;0.364337;0.282954;0.209147;0.144916;0.0901905;0.0430145;0;
0;0.156634;0.304969;0.437302;0.547085;0.629395;0.681289;0.701999;0.692945;0.657549;0.600862;0.529016;0.448566;0.365784;0.285984;0.212977;0.148718;0.0932104;0.0446791;0;
0;0.153314;0.298568;0.428282;0.536096;0.617229;0.668815;0.690093;0.682408;0.649033;0.594799;0.525575;0.447633;0.366977;0.288702;0.216477;0.152219;0.0960011;0.04622;0;
0;0.15009;0.292352;0.419522;0.525423;0.60541;0.656692;0.678508;0.672132;0.640689;0.588803;0.522088;0.446547;0.367929;0.291122;0.219663;0.155435;0.0985757;0.0476444;0;
0;0.146959;0.286315;0.411015;0.515058;0.593928;0.644906;0.667231;0.662105;0.632512;0.582871;0.518558;0.445316;0.368654;0.293262;0.222555;0.158383;0.100947;0.0489592;0;
0;0.143918;0.280453;0.402752;0.504989;0.582771;0.633445;0.656251;0.652318;0.624493;0.577002;0.514987;0.443948;0.369162;0.295136;0.225169;0.161077;0.103126;0.0501706;0;
0;0.140965;0.274759;0.394727;0.495207;0.571928;0.622298;0.645555;0.642761;0.616627;0.571192;0.511377;0.442449;0.369466;0.296759;0.227519;0.163533;0.105124;0.0512846;0;
0;0.138096;0.269228;0.386932;0.485703;0.561387;0.611453;0.635134;0.633425;0.608907;0.56544;0.507732;0.440827;0.369577;0.298146;0.229621;0.165764;0.106952;0.0523067;0;
0;0.135311;0.263857;0.379359;0.476468;0.55114;0.600899;0.624978;0.624301;0.601327;0.559743;0.504053;0.439089;0.369504;0.299308;0.231488;0.167782;0.108619;0.0532422;0;
0;0.132605;0.258639;0.372002;0.467493;0.541175;0.590627;0.615076;0.615382;0.593883;0.554101;0.500343;0.437241;0.36926;0.300259;0.233134;0.169599;0.110133;0.0540959;0;
0;0.129977;0.253571;0.364853;0.458769;0.531483;0.580626;0.605419;0.60666;0.58657;0.548511;0.496605;0.435289;0.368852;0.301009;0.23457;0.171227;0.111505;0.0548726;0;
0;0.127424;0.248646;0.357907;0.450288;0.522055;0.570886;0.595998;0.598128;0.579382;0.542972;0.492841;0.433241;0.36829;0.30157;0.235808;0.172675;0.112741;0.0555764;0;
0;0.124943;0.243861;0.351155;0.442042;0.512881;0.561398;0.586805;0.589778;0.572316;0.537484;0.489053;0.431101;0.367582;0.301953;0.23686;0.173955;0.113849;0.0562115;0;
0;0.122533;0.239212;0.344592;0.434023;0.503952;0.552154;0.577831;0.581604;0.565368;0.532045;0.485244;0.428874;0.366738;0.302168;0.237735;0.175074;0.114836;0.0567818;0;
0;0.120191;0.234693;0.338212;0.426222;0.495261;0.543144;0.56907;0.573601;0.558533;0.526654;0.481417;0.426568;0.365764;0.302223;0.238444;0.176043;0.11571;0.0572908;0;
0;0.117915;0.2303;0.332008;0.418634;0.486799;0.534361;0.560512;0.565761;0.551808;0.521311;0.477572;0.424186;0.364669;0.302128;0.238995;0.17687;0.116476;0.0577421;0;
0;0.115703;0.226029;0.325975;0.41125;0.478558;0.525797;0.552151;0.55808;0.54519;0.516014;0.473713;0.421734;0.363459;0.301891;0.239398;0.177562;0.11714;0.0581387;0;
0;0.113552;0.221877;0.320107;0.404063;0.47053;0.517443;0.543981;0.550553;0.538676;0.510764;0.469842;0.419216;0.362142;0.301521;0.239661;0.178128;0.117708;0.0584837;0;
0;0.111461;0.217839;0.314397;0.397067;0.462708;0.509293;0.535994;0.543173;0.532262;0.50556;0.46596;0.416637;0.360723;0.301025;0.239792;0.178573;0.118186;0.0587801;0;
0;0.109428;0.213911;0.308842;0.390256;0.455086;0.50134;0.528185;0.535937;0.525946;0.500401;0.462071;0.414001;0.359209;0.300411;0.239798;0.178906;0.118579;0.0590305;0;
0;0.10745;0.21009;0.303435;0.383622;0.447655;0.493576;0.520548;0.52884;0.519724;0.495287;0.458175;0.411312;0.357607;0.299685;0.239686;0.179132;0.11889;0.0592376;0;
0;0.105526;0.206372;0.298172;0.377161;0.440411;0.485997;0.513076;0.521877;0.513596;0.490217;0.454275;0.408575;0.35592;0.298854;0.239464;0.179257;0.119126;0.0594036;0;
0;0.103654;0.202754;0.293048;0.370865;0.433345;0.478594;0.505765;0.515044;0.507557;0.485191;0.450372;0.405793;0.354156;0.297925;0.239137;0.179287;0.119289;0.0595311;0;
0;0.101832;0.199231;0.288057;0.36473;0.426453;0.471363;0.498608;0.508337;0.501606;0.48021;0.446468;0.40297;0.352318;0.296902;0.238712;0.179228;0.119385;0.059622;0;
0;0.100059;0.195802;0.283196;0.35875;0.419728;0.464297;0.491602;0.501753;0.49574;0.475271;0.442565;0.400108;0.350412;0.295793;0.238195;0.179085;0.119417;0.0596785;0;
0;0.0983326;0.192462;0.27846;0.352919;0.413164;0.457391;0.48474;0.495287;0.489958;0.470376;0.438665;0.397213;0.348443;0.294601;0.23759;0.178862;0.119389;0.0597025;0;
0;0.0966515;0.18921;0.273845;0.347234;0.406757;0.45064;0.478019;0.488937;0.484257;0.465524;0.434769;0.394286;0.346414;0.293333;0.236903;0.178564;0.119303;0.059696;0;
0;0.0950141;0.18604;0.269346;0.341687;0.400501;0.444039;0.471435;0.482698;0.478636;0.460715;0.430878;0.39133;0.34433;0.291994;0.236139;0.178195;0.119165;0.0596606;0;
0;0.093419;0.182952;0.26496;0.336276;0.394391;0.437582;0.464981;0.476568;0.473092;0.455948;0.426994;0.388349;0.342196;0.290587;0.235303;0.177761;0.118975;0.0595979;0;
0;0.0918647;0.179942;0.260683;0.330996;0.388421;0.431265;0.458656;0.470543;0.467625;0.451224;0.423118;0.385346;0.340014;0.289117;0.2344;0.177264;0.118738;0.0595097;0;
0;0.0903498;0.177008;0.256512;0.325841;0.382589;0.425084;0.452455;0.464621;0.462232;0.446542;0.419251;0.382322;0.337788;0.287589;0.233432;0.176708;0.118457;0.0593973;0;
0;0.088873;0.174146;0.252442;0.320808;0.376888;0.419034;0.446373;0.458799;0.456912;0.441902;0.415396;0.37928;0.335522;0.286006;0.232405;0.176097;0.118134;0.0592623;0;
0;0.0874331;0.171355;0.24847;0.315894;0.371315;0.413111;0.440408;0.453074;0.451662;0.437303;0.411552;0.376223;0.333219;0.284372;0.231322;0.175435;0.117771;0.0591059;0;
0;0.0860287;0.168632;0.244594;0.311093;0.365865;0.407311;0.434555;0.447443;0.446483;0.432746;0.407721;0.373153;0.330882;0.282691;0.230187;0.174724;0.11737;0.0589294;0;
0;0.0846587;0.165975;0.240809;0.306402;0.360534;0.40163;0.428813;0.441904;0.441372;0.428231;0.403904;0.370072;0.328514;0.280966;0.229003;0.173968;0.116935;0.058734;0;
0;0.0833219;0.163382;0.237113;0.301818;0.35532;0.396065;0.423176;0.436455;0.436328;0.423757;0.400102;0.366981;0.326118;0.2792;0.227774;0.173169;0.116468;0.058521;0;
0;0.0820172;0.16085;0.233502;0.297336;0.350217;0.390611;0.417643;0.431093;0.43135;0.419323;0.396316;0.363884;0.323696;0.277397;0.226502;0.172331;0.11597;0.0582913;0;
0;0.0807435;0.158378;0.229975;0.292955;0.345223;0.385266;0.41221;0.425816;0.426437;0.414931;0.392546;0.360781;0.321251;0.275559;0.225191;0.171455;0.115443;0.0580461;0;
0;0.0794999;0.155963;0.226528;0.28867;0.340333;0.380026;0.406875;0.420622;0.421586;0.410579;0.388794;0.357675;0.318786;0.273689;0.223844;0.170545;0.114889;0.0577863;0;
0;0.0782852;0.153604;0.223159;0.284479;0.335545;0.374888;0.401634;0.415509;0.416798;0.406268;0.385061;0.354567;0.316303;0.27179;0.222462;0.169602;0.11431;0.0575128;0;
0;0.0770986;0.151298;0.219865;0.280377;0.330856;0.369849;0.396486;0.410475;0.41207;0.401997;0.381346;0.351459;0.313803;0.269864;0.221049;0.168629;0.113708;0.0572266;0;
0;0.0759391;0.149045;0.216643;0.276364;0.326262;0.364907;0.391427;0.405517;0.407403;0.397766;0.377652;0.348352;0.31129;0.267914;0.219607;0.167629;0.113084;0.0569285;0;
0;0.0748058;0.146842;0.213492;0.272435;0.32176;0.360057;0.386455;0.400635;0.402794;0.393575;0.373977;0.345247;0.308764;0.265942;0.218138;0.166602;0.11244;0.0566193;0;
0;0.0736979;0.144688;0.210409;0.268588;0.317349;0.355297;0.381568;0.395827;0.398243;0.389423;0.370324;0.342146;0.306228;0.263949;0.216645;0.165552;0.111777;0.0562997;0;
0;0.0726146;0.14258;0.207392;0.264821;0.313024;0.350626;0.376763;0.39109;0.393749;0.385311;0.366693;0.33905;0.303684;0.261939;0.215129;0.164479;0.111096;0.0559706;0;
0;0.0715551;0.140519;0.204439;0.261131;0.308784;0.34604;0.372039;0.386423;0.38931;0.381239;0.363083;0.335961;0.301133;0.259913;0.213593;0.163386;0.110399;0.0556325;0;
0;0.0705185;0.138501;0.201547;0.257515;0.304625;0.341537;0.367393;0.381824;0.384927;0.377205;0.359496;0.332878;0.298576;0.257873;0.212038;0.162274;0.109687;0.0552861;0;
0;0.0695042;0.136527;0.198716;0.253972;0.300546;0.337115;0.362823;0.377293;0.380597;0.37321;0.355933;0.329805;0.296016;0.25582;0.210466;0.161145;0.108962;0.0549321;0;
0;0.0685115;0.134593;0.195943;0.250499;0.296544;0.33277;0.358327;0.372827;0.376321;0.369254;0.352392;0.32674;0.293453;0.253757;0.208879;0.16;0.108223;0.054571;0;
0;0.0675397;0.1327;0.193226;0.247094;0.292617;0.328503;0.353904;0.368424;0.372096;0.365336;0.348876;0.323686;0.29089;0.251684;0.207279;0.158841;0.107473;0.0542035;0;
0;0.0665881;0.130846;0.190563;0.243756;0.288762;0.324309;0.349552;0.364085;0.367923;0.361456;0.345384;0.320644;0.288326;0.249604;0.205666;0.157669;0.106712;0.0538299;0;
0;0.0656561;0.12903;0.187953;0.240481;0.284978;0.320187;0.345268;0.359807;0.363801;0.357614;0.341917;0.317613;0.285764;0.247518;0.204042;0.156485;0.105942;0.053451;0;
0;0.0647431;0.12725;0.185395;0.237269;0.281263;0.316136;0.341051;0.355589;0.359729;0.35381;0.338474;0.314595;0.283205;0.245426;0.20241;0.155291;0.105163;0.053067;0;
0;0.0638485;0.125505;0.182886;0.234117;0.277615;0.312153;0.3369;0.35143;0.355705;0.350043;0.335057;0.311591;0.280649;0.243331;0.200769;0.154087;0.104376;0.0526785;0;
0;0.0629718;0.123795;0.180426;0.231024;0.274031;0.308236;0.332813;0.347328;0.35173;0.346314;0.331665;0.308601;0.278099;0.241234;0.199121;0.152875;0.103581;0.052286;0;
0;0.0621124;0.122118;0.178013;0.227988;0.27051;0.304385;0.328789;0.343283;0.347803;0.342621;0.328299;0.305626;0.275553;0.239135;0.197468;0.151656;0.102781;0.0518898;0;
0;0.0612697;0.120474;0.175645;0.225007;0.267051;0.300597;0.324825;0.339293;0.343922;0.338965;0.324958;0.302666;0.273015;0.237035;0.19581;0.150431;0.101974;0.0514903;0;
0;0.0604434;0.118861;0.173321;0.22208;0.263652;0.29687;0.320921;0.335357;0.340088;0.335345;0.321644;0.299722;0.270483;0.234937;0.194148;0.1492;0.101163;0.0510878;0;
0;0.0596329;0.117278;0.17104;0.219205;0.26031;0.293203;0.317075;0.331475;0.336299;0.331762;0.318356;0.296795;0.26796;0.23284;0.192484;0.147965;0.100348;0.0506829;0;
0;0.0588378;0.115725;0.168801;0.216381;0.257025;0.289595;0.313286;0.327644;0.332554;0.328214;0.315094;0.293886;0.265446;0.230746;0.190819;0.146726;0.0995285;0.0502757;0;
0;0.0580575;0.114201;0.166603;0.213607;0.253795;0.286043;0.309553;0.323865;0.328854;0.324702;0.311859;0.290993;0.262942;0.228655;0.189152;0.145484;0.0987063;0.0498665;0;
0;0.0572917;0.112704;0.164443;0.210881;0.250619;0.282548;0.305874;0.320136;0.325198;0.321226;0.30865;0.288119;0.260448;0.226569;0.187486;0.14424;0.0978815;0.0494558;0;
0;0.05654;0.111235;0.162323;0.208201;0.247495;0.279107;0.302248;0.316456;0.321584;0.317784;0.305468;0.285263;0.257965;0.224487;0.185821;0.142995;0.0970547;0.0490438;0;
0;0.055802;0.109792;0.160239;0.205567;0.244422;0.275719;0.298675;0.312824;0.318013;0.314378;0.302312;0.282425;0.255493;0.222412;0.184157;0.141749;0.0962265;0.0486306;0;
0;0.0550772;0.108375;0.158192;0.202978;0.241399;0.272383;0.295152;0.30924;0.314483;0.311006;0.299184;0.279607;0.253033;0.220342;0.182496;0.140503;0.0953973;0.0482167;0;
0;0.0543654;0.106982;0.156179;0.200432;0.238424;0.269097;0.291679;0.305702;0.310995;0.307668;0.296082;0.276808;0.250587;0.21828;0.180837;0.139258;0.0945675;0.0478022;0;
0;0.0536661;0.105614;0.154202;0.197928;0.235496;0.265861;0.288255;0.30221;0.307547;0.304364;0.293007;0.274029;0.248153;0.216226;0.179183;0.138014;0.0937375;0.0473874;0;
0;0.052979;0.10427;0.152257;0.195465;0.232615;0.262673;0.284879;0.298763;0.304139;0.301094;0.289959;0.27127;0.245732;0.214179;0.177532;0.136771;0.0929079;0.0469725;0;
0;0.0523038;0.102948;0.150345;0.193042;0.229778;0.259532;0.28155;0.29536;0.300771;0.297858;0.286937;0.26853;0.243326;0.212142;0.175886;0.13553;0.0920789;0.0465577;0;
0;0.0516401;0.101649;0.148465;0.190658;0.226985;0.256438;0.278267;0.292;0.297441;0.294655;0.283943;0.265811;0.240934;0.210113;0.174246;0.134292;0.0912509;0.0461431;0;
0;0.0509877;0.100372;0.146616;0.188312;0.224235;0.253388;0.275029;0.288683;0.29415;0.291485;0.280975;0.263113;0.238557;0.208095;0.172611;0.133057;0.0904243;0.045729;0;
0;0.0503463;0.0991158;0.144797;0.186003;0.221527;0.250383;0.271834;0.285408;0.290897;0.288347;0.278034;0.260435;0.236194;0.206086;0.170983;0.131826;0.0895993;0.0453155;0;
0;0.0497156;0.0978803;0.143007;0.18373;0.21886;0.247421;0.268683;0.282174;0.287682;0.285242;0.27512;0.257778;0.233847;0.204088;0.169361;0.130598;0.0887764;0.0449028;0;
0;0.0490952;0.096665;0.141245;0.181493;0.216232;0.244502;0.265575;0.278981;0.284503;0.282169;0.272232;0.255143;0.231516;0.202101;0.167747;0.129375;0.0879557;0.0444911;0;
0;0.048485;0.0954693;0.139512;0.17929;0.213644;0.241623;0.262508;0.275827;0.28136;0.279128;0.269371;0.252528;0.229201;0.200125;0.16614;0.128156;0.0871375;0.0440805;0;
0;0.0478847;0.0942927;0.137806;0.17712;0.211094;0.238785;0.259482;0.272713;0.278254;0.276118;0.266536;0.249934;0.226901;0.198161;0.16454;0.126942;0.0863221;0.0436711;0;
0;0.047294;0.0931348;0.136126;0.174984;0.208581;0.235987;0.256496;0.269637;0.275183;0.27314;0.263728;0.247362;0.224619;0.196209;0.162949;0.125733;0.0855097;0.043263;0;
0;0.0467127;0.0919952;0.134473;0.17288;0.206105;0.233228;0.253549;0.266599;0.272147;0.270193;0.260946;0.244811;0.222352;0.194269;0.161367;0.12453;0.0847005;0.0428565;0;
0;0.0461406;0.0908733;0.132845;0.170807;0.203664;0.230507;0.250641;0.263598;0.269146;0.267276;0.258191;0.242282;0.220102;0.192341;0.159793;0.123333;0.0838948;0.0424515;0;
0;0.0455774;0.0897687;0.131241;0.168765;0.201259;0.227823;0.24777;0.260634;0.266179;0.26439;0.255461;0.239774;0.21787;0.190427;0.158228;0.122142;0.0830928;0.0420482;0;
0;0.045023;0.0886811;0.129662;0.166753;0.198887;0.225176;0.244937;0.257707;0.263245;0.261534;0.252758;0.237287;0.215654;0.188525;0.156673;0.120957;0.0822946;0.0416468;0;
0;0.044477;0.0876101;0.128106;0.16477;0.196549;0.222565;0.242141;0.254814;0.260345;0.258708;0.25008;0.234822;0.213455;0.186636;0.155127;0.119778;0.0815003;0.0412472;0;
0;0.0439394;0.0865552;0.126573;0.162816;0.194244;0.219989;0.23938;0.251957;0.257478;0.255912;0.247428;0.232379;0.211274;0.18476;0.153591;0.118607;0.0807103;0.0408496;0;
0;0.04341;0.0855161;0.125063;0.16089;0.191971;0.217447;0.236654;0.249135;0.254643;0.253145;0.244802;0.229957;0.20911;0.182898;0.152065;0.117442;0.0799246;0.040454;0;
0;0.0428884;0.0844925;0.123575;0.158992;0.189729;0.214939;0.233964;0.246346;0.25184;0.250407;0.242201;0.227556;0.206964;0.18105;0.150549;0.116284;0.0791433;0.0400606;0;
0;0.0423747;0.0834839;0.122109;0.15712;0.187518;0.212465;0.231307;0.243591;0.249069;0.247698;0.239625;0.225177;0.204835;0.179215;0.149043;0.115134;0.0783666;0.0396694;0;
0;0.0418685;0.0824901;0.120663;0.155275;0.185338;0.210023;0.228684;0.240869;0.246329;0.245017;0.237075;0.22282;0.202724;0.177394;0.147548;0.113991;0.0775946;0.0392805;0;
0;0.0413697;0.0815107;0.119239;0.153455;0.183187;0.207613;0.226093;0.238179;0.24362;0.242365;0.23455;0.220484;0.20063;0.175588;0.146064;0.112855;0.0768274;0.0388939;0;
0;0.0408782;0.0805455;0.117834;0.151661;0.181065;0.205235;0.223535;0.235521;0.240942;0.239741;0.23205;0.218169;0.198555;0.173795;0.14459;0.111728;0.0760652;0.0385098;0;
0;0.0403938;0.079594;0.116449;0.149892;0.178971;0.202887;0.221009;0.232895;0.238293;0.237145;0.229574;0.215875;0.196497;0.172017;0.143127;0.110608;0.0753079;0.038128;0;
0;0.0399164;0.0786561;0.115084;0.148147;0.176906;0.20057;0.218515;0.2303;0.235675;0.234576;0.227123;0.213603;0.194456;0.170253;0.141675;0.109496;0.0745558;0.0377488;0;
0;0.0394457;0.0777315;0.113738;0.146425;0.174868;0.198282;0.216051;0.227736;0.233085;0.232034;0.224696;0.211352;0.192434;0.168503;0.140234;0.108391;0.0738089;0.0373721;0;
0;0.0389817;0.0768198;0.11241;0.144727;0.172856;0.196024;0.213617;0.225202;0.230525;0.229519;0.222294;0.209122;0.190429;0.166768;0.138805;0.107296;0.0730672;0.036998;0;
0;0.0385242;0.0759208;0.111101;0.143052;0.170872;0.193794;0.211214;0.222697;0.227993;0.227031;0.219915;0.206914;0.188442;0.165047;0.137386;0.106208;0.0723309;0.0366265;0;
0;0.0380732;0.0750342;0.109809;0.141399;0.168913;0.191593;0.208839;0.220222;0.22549;0.22457;0.217561;0.204726;0.186473;0.163341;0.135979;0.105128;0.0715999;0.0362576;0;
0;0.0376283;0.0741598;0.108535;0.139769;0.16698;0.18942;0.206494;0.217776;0.223015;0.222134;0.21523;0.202559;0.184521;0.161649;0.134583;0.104057;0.0708744;0.0358915;0;
0;0.0371896;0.0732974;0.107279;0.13816;0.165071;0.187273;0.204177;0.215359;0.220567;0.219725;0.212923;0.200412;0.182587;0.159972;0.133199;0.102995;0.0701544;0.0355281;0;
0;0.0367569;0.0724467;0.106039;0.136572;0.163187;0.185154;0.201888;0.21297;0.218147;0.217341;0.21064;0.198287;0.180671;0.158309;0.131826;0.10194;0.06944;0.0351674;0;
0;0.0363301;0.0716075;0.104815;0.135005;0.161328;0.183061;0.199627;0.210608;0.215754;0.214983;0.208379;0.196182;0.178772;0.156661;0.130465;0.100895;0.0687311;0.0348095;0;
0;0.035909;0.0707796;0.103608;0.133458;0.159492;0.180994;0.197393;0.208274;0.213387;0.21265;0.206142;0.194097;0.176891;0.155027;0.129115;0.0998573;0.0680278;0.0344543;0;
0;0.0354936;0.0699627;0.102417;0.131932;0.157679;0.178953;0.195186;0.205967;0.211047;0.210341;0.203927;0.192033;0.175028;0.153408;0.127777;0.0988287;0.0673302;0.034102;0;
0;0.0350838;0.0691567;0.101241;0.130425;0.15589;0.176937;0.193005;0.203686;0.208733;0.208058;0.201735;0.189988;0.173182;0.151803;0.12645;0.0978085;0.0666383;0.0337525;0;
0;0.0346794;0.0683613;0.100081;0.128937;0.154122;0.174945;0.19085;0.201432;0.206444;0.205799;0.199565;0.187964;0.171353;0.150213;0.125135;0.096797;0.0659521;0.0334058;0;
0;0.0342804;0.0675763;0.0989356;0.127469;0.152377;0.172978;0.188721;0.199204;0.204181;0.203564;0.197418;0.18596;0.169542;0.148638;0.123831;0.0957942;0.0652716;0.033062;0;
0;0.0338866;0.0668016;0.0978051;0.126019;0.150654;0.171035;0.186617;0.197002;0.201943;0.201353;0.195293;0.183976;0.167748;0.147077;0.122539;0.0947999;0.0645968;0.032721;0;
0;0.033498;0.066037;0.0966893;0.124588;0.148952;0.169116;0.184538;0.194825;0.19973;0.199165;0.19319;0.182012;0.165971;0.14553;0.121258;0.0938143;0.0639277;0.0323829;0;
0;0.0331144;0.0652823;0.0955877;0.123174;0.147272;0.167219;0.182484;0.192672;0.197542;0.197001;0.191109;0.180067;0.164211;0.143998;0.119989;0.0928373;0.0632644;0.0320477;0;
0;0.0327358;0.0645373;0.0945001;0.121779;0.145612;0.165346;0.180453;0.190545;0.195378;0.194861;0.189049;0.178141;0.162468;0.14248;0.118732;0.091869;0.0626069;0.0317153;0;
0;0.0323621;0.0638018;0.0934264;0.1204;0.143972;0.163495;0.178447;0.188441;0.193238;0.192743;0.18701;0.176235;0.160742;0.140976;0.117486;0.0909093;0.0619551;0.0313858;0;
0;0.0319932;0.0630758;0.0923662;0.11904;0.142353;0.161667;0.176464;0.186362;0.191121;0.190648;0.184993;0.174348;0.159033;0.139486;0.116251;0.0899582;0.0613091;0.0310592;0;
0;0.0316289;0.0623589;0.0913194;0.117695;0.140753;0.15986;0.174504;0.184307;0.189028;0.188575;0.182997;0.17248;0.15734;0.138011;0.115028;0.0890158;0.0606688;0.0307355;0;
0;0.0312693;0.0616511;0.0902856;0.116368;0.139173;0.158075;0.172568;0.182274;0.186958;0.186525;0.181021;0.170631;0.155664;0.136549;0.113816;0.0880819;0.0600343;0.0304146;0;
0;0.0309143;0.0609522;0.0892648;0.115057;0.137612;0.156311;0.170653;0.180265;0.184911;0.184497;0.179067;0.1688;0.154005;0.135102;0.112616;0.0871566;0.0594054;0.0300966;0;
0;0.0305637;0.0602621;0.0882566;0.113762;0.13607;0.154568;0.168761;0.178279;0.182887;0.182491;0.177132;0.166989;0.152362;0.133669;0.111427;0.0862398;0.0587824;0.0297815;0;
0;0.0302176;0.0595806;0.087261;0.112483;0.134546;0.152846;0.166891;0.176315;0.180885;0.180506;0.175218;0.165195;0.150735;0.132249;0.110249;0.0853316;0.058165;0.0294692;0;
0;0.0298757;0.0589075;0.0862776;0.111219;0.133041;0.151144;0.165043;0.174374;0.178905;0.178543;0.173324;0.163421;0.149125;0.130843;0.109082;0.0844318;0.0575533;0.0291598;0;
0;0.0295382;0.0582428;0.0853063;0.109971;0.131554;0.149462;0.163216;0.172454;0.176948;0.1766;0.17145;0.161664;0.147531;0.129452;0.107927;0.0835405;0.0569473;0.0288533;0;
0;0.0292048;0.0575863;0.0843469;0.108738;0.130084;0.1478;0.16141;0.170556;0.175011;0.174679;0.169596;0.159925;0.145952;0.128073;0.106782;0.0826576;0.056347;0.0285496;0;
0;0.0288755;0.0569379;0.0833992;0.10752;0.128632;0.146157;0.159624;0.16868;0.173096;0.172779;0.167761;0.158204;0.14439;0.126708;0.105649;0.0817832;0.0557523;0.0282487;0;
0;0.0285503;0.0562975;0.082463;0.106317;0.127197;0.144534;0.15786;0.166824;0.171203;0.170899;0.165945;0.156501;0.142843;0.125357;0.104526;0.080917;0.0551632;0.0279507;0;
0;0.028229;0.0556648;0.0815382;0.105127;0.12578;0.14293;0.156115;0.16499;0.16933;0.169039;0.164149;0.154816;0.141312;0.124019;0.103415;0.0800592;0.0545797;0.0276554;0;
0;0.0279117;0.0550399;0.0806245;0.103953;0.124379;0.141344;0.154391;0.163176;0.167477;0.167199;0.162372;0.153147;0.139796;0.122695;0.102314;0.0792097;0.0540018;0.027363;0;
0;0.0275983;0.0544225;0.0797219;0.102792;0.122994;0.139777;0.152686;0.161382;0.165645;0.165379;0.160613;0.151497;0.138296;0.121383;0.101225;0.0783684;0.0534294;0.0270733;0;
0;0.0272886;0.0538126;0.0788301;0.101645;0.121626;0.138228;0.151001;0.159609;0.163834;0.163579;0.158873;0.149863;0.136811;0.120085;0.100146;0.0775353;0.0528626;0.0267864;0;
0;0.0269828;0.05321;0.077949;0.100512;0.120274;0.136696;0.149335;0.157856;0.162042;0.161799;0.157151;0.148246;0.135341;0.1188;0.0990772;0.0767103;0.0523012;0.0265023;0;
0;0.0266806;0.0526147;0.0770784;0.0993916;0.118938;0.135183;0.147688;0.156122;0.16027;0.160037;0.155448;0.146646;0.133887;0.117527;0.0980194;0.0758934;0.0517453;0.0262209;0;
0;0.026382;0.0520265;0.0762182;0.0982849;0.117617;0.133687;0.146059;0.154408;0.158518;0.158295;0.153763;0.145063;0.132447;0.116268;0.0969722;0.0750846;0.0511948;0.0259423;0;
0;0.026087;0.0514454;0.0753682;0.0971912;0.116312;0.132208;0.14445;0.152712;0.156784;0.156571;0.152096;0.143497;0.131022;0.115021;0.0959354;0.0742837;0.0506497;0.0256664;0;
0;0.0257956;0.0508712;0.0745283;0.0961104;0.115022;0.130746;0.142858;0.151036;0.15507;0.154866;0.150446;0.141946;0.129611;0.113787;0.094909;0.0734908;0.05011;0.0253932;0;
0;0.0255076;0.0503038;0.0736983;0.0950423;0.113747;0.129301;0.141285;0.149379;0.153375;0.15318;0.148814;0.140412;0.128216;0.112566;0.093893;0.0727058;0.0495756;0.0251226;0;
0;0.025223;0.0497431;0.0728781;0.0939866;0.112487;0.127873;0.139729;0.14774;0.151698;0.151512;0.1472;0.138894;0.126834;0.111357;0.0928871;0.0719286;0.0490465;0.0248548;0;
0;0.0249418;0.0491891;0.0720675;0.0929433;0.111241;0.126461;0.138191;0.146119;0.15004;0.149862;0.145602;0.137393;0.125467;0.11016;0.0918915;0.0711592;0.0485226;0.0245895;0;
0;0.024664;0.0486416;0.0712665;0.0919122;0.11001;0.125065;0.13667;0.144516;0.1484;0.148229;0.144022;0.135906;0.124114;0.108975;0.0909059;0.0703975;0.048004;0.024327;0;
0;0.0243894;0.0481005;0.0704748;0.090893;0.108793;0.123685;0.135166;0.142931;0.146778;0.146615;0.142459;0.134436;0.122776;0.107803;0.0899304;0.0696435;0.0474906;0.024067;0;
0;0.0241181;0.0475658;0.0696923;0.0898856;0.10759;0.122321;0.13368;0.141364;0.145174;0.145018;0.140912;0.132981;0.121451;0.106643;0.0889647;0.0688971;0.0469823;0.0238096;0;
0;0.0238499;0.0470373;0.068919;0.08889;0.106401;0.120972;0.13221;0.139814;0.143588;0.143438;0.139382;0.131541;0.12014;0.105495;0.088009;0.0681582;0.0464791;0.0235548;0;
0;0.0235849;0.046515;0.0681547;0.0879058;0.105225;0.119639;0.130757;0.138282;0.142018;0.141875;0.137868;0.130117;0.118842;0.104358;0.087063;0.0674269;0.0459811;0.0233026;0;
0;0.023323;0.0459989;0.0673993;0.086933;0.104063;0.11832;0.129319;0.136766;0.140467;0.14033;0.136371;0.128708;0.117559;0.103234;0.0861267;0.066703;0.045488;0.0230529;0;
0;0.0230641;0.0454887;0.0666526;0.0859714;0.102914;0.117017;0.127899;0.135268;0.138932;0.138801;0.134889;0.127313;0.116288;0.102121;0.0852001;0.0659865;0.045;0.0228058;0;
0;0.0228083;0.0449844;0.0659146;0.0850209;0.101778;0.115728;0.126494;0.133786;0.137414;0.137288;0.133423;0.125934;0.115031;0.10102;0.084283;0.0652773;0.0445169;0.0225612;0;
0;0.0225554;0.044486;0.065185;0.0840812;0.100655;0.114454;0.125104;0.13232;0.135912;0.135793;0.131974;0.124569;0.113788;0.0999296;0.0833754;0.0645754;0.0440388;0.022319;0;
0;0.0223055;0.0439934;0.0644639;0.0831524;0.0995453;0.113195;0.123731;0.130871;0.134428;0.134313;0.130539;0.123218;0.112557;0.0988511;0.0824771;0.0638807;0.0435655;0.0220793;0;
0;0.0220585;0.0435064;0.0637511;0.0822342;0.0984479;0.111949;0.122372;0.129437;0.132959;0.132849;0.12912;0.121882;0.111339;0.0977838;0.0815881;0.0631932;0.0430971;0.0218421;0;
0;0.0218143;0.0430251;0.0630465;0.0813264;0.097363;0.110718;0.121029;0.12802;0.131506;0.131402;0.127717;0.12056;0.110134;0.0967276;0.0807084;0.0625127;0.0426335;0.0216073;0;
0;0.0215729;0.0425493;0.0623499;0.0804291;0.0962904;0.1095;0.119701;0.126618;0.13007;0.12997;0.126328;0.119252;0.108942;0.0956825;0.0798378;0.0618393;0.0421747;0.0213749;0;
0;0.0213343;0.042079;0.0616613;0.0795419;0.0952299;0.108297;0.118388;0.125232;0.128649;0.128553;0.124954;0.117958;0.107762;0.0946484;0.0789763;0.0611729;0.0417206;0.0211449;0;
0;0.0210985;0.0416141;0.0609806;0.0786649;0.0941814;0.107106;0.117089;0.123861;0.127244;0.127152;0.123595;0.116678;0.106595;0.0936251;0.0781238;0.0605133;0.0412712;0.0209172;0;
0;0.0208653;0.0411544;0.0603077;0.0777978;0.0931448;0.105929;0.115805;0.122505;0.125854;0.125766;0.122251;0.115412;0.10544;0.0926126;0.0772801;0.0598607;0.0408265;0.0206919;0;
0;0.0206348;0.0407001;0.0596424;0.0769405;0.0921198;0.104766;0.114535;0.121165;0.124479;0.124395;0.120921;0.114159;0.104298;0.0916108;0.0764453;0.0592148;0.0403863;0.020469;0;
0;0.020407;0.0402509;0.0589847;0.076093;0.0911065;0.103615;0.113279;0.119839;0.12312;0.123039;0.119606;0.11292;0.103167;0.0906194;0.0756193;0.0585756;0.0399508;0.0202483;0;
0;0.0201818;0.0398069;0.0583345;0.0752551;0.0901045;0.102477;0.112037;0.118527;0.121775;0.121698;0.118305;0.111693;0.102049;0.0896386;0.0748019;0.0579431;0.0395197;0.02003;0;
0;0.0199591;0.0393679;0.0576917;0.0744266;0.0891138;0.101352;0.110809;0.11723;0.120445;0.120372;0.117018;0.11048;0.100943;0.0886681;0.0739931;0.0573173;0.0390932;0.0198139;0;
0;0.019739;0.0389339;0.0570561;0.0736075;0.0881343;0.10024;0.109595;0.115948;0.11913;0.119059;0.115744;0.10928;0.0998478;0.0877079;0.0731928;0.056698;0.0386711;0.0196001;0;
0;0.0195214;0.0385048;0.0564278;0.0727977;0.0871657;0.0991396;0.108394;0.114679;0.117829;0.117762;0.114485;0.108093;0.0987648;0.0867578;0.0724009;0.0560851;0.0382534;0.0193885;0;
0;0.0193062;0.0380806;0.0558066;0.071997;0.0862081;0.0980518;0.107206;0.113425;0.116542;0.116478;0.113239;0.106918;0.0976932;0.0858178;0.0716174;0.0554788;0.0378401;0.0191791;0;
0;0.0190935;0.0376612;0.0551923;0.0712052;0.0852611;0.0969762;0.106032;0.112184;0.11527;0.115208;0.112006;0.105756;0.0966331;0.0848878;0.0708421;0.0548787;0.0374312;0.0189719;0;
0;0.0188832;0.0372466;0.0545851;0.0704224;0.0843248;0.0959125;0.104871;0.110958;0.114011;0.113952;0.110787;0.104607;0.0955843;0.0839677;0.070075;0.0542851;0.0370265;0.0187668;0;
0;0.0186753;0.0368366;0.0539846;0.0696484;0.0833989;0.0948607;0.103722;0.109744;0.112766;0.11271;0.109581;0.10347;0.0945467;0.0830573;0.0693161;0.0536976;0.0366261;0.018564;0;
0;0.0184697;0.0364313;0.0533909;0.0688831;0.0824834;0.0938206;0.102586;0.108544;0.111535;0.111481;0.108388;0.102345;0.0935202;0.0821566;0.0685652;0.0531164;0.0362298;0.0183632;0;
0;0.0182665;0.0360305;0.0528039;0.0681264;0.0815782;0.092792;0.101463;0.107357;0.110317;0.110265;0.107208;0.101232;0.0925047;0.0812655;0.0678222;0.0525413;0.0358378;0.0181646;0;
0;0.0180655;0.0356343;0.0522235;0.0673781;0.080683;0.0917749;0.100352;0.106183;0.109112;0.109063;0.106041;0.100131;0.0915;0.0803839;0.0670871;0.0519723;0.0354499;0.017968;0;
0;0.0178668;0.0352425;0.0516497;0.0666382;0.0797978;0.0907691;0.0992538;0.105023;0.107921;0.107874;0.104886;0.0990425;0.0905061;0.0795116;0.0663599;0.0514093;0.0350661;0.0177736;0;
0;0.0176703;0.0348551;0.0510822;0.0659066;0.0789225;0.0897745;0.0981674;0.103874;0.106743;0.106697;0.103744;0.0979653;0.0895229;0.0786487;0.0656403;0.0508522;0.0346864;0.0175812;0;
0;0.0174761;0.034472;0.0505211;0.0651832;0.0780569;0.0887909;0.097093;0.102739;0.105577;0.105534;0.102614;0.0968997;0.0885502;0.077795;0.0649285;0.0503011;0.0343106;0.0173908;0;
0;0.017284;0.0340933;0.0499663;0.0644679;0.077201;0.0878182;0.0960305;0.101616;0.104425;0.104383;0.101496;0.0958456;0.0875879;0.0769505;0.0642242;0.0497559;0.0339389;0.0172024;0;
0;0.0170941;0.0337188;0.0494177;0.0637605;0.0763546;0.0868562;0.0949797;0.100505;0.103285;0.103245;0.100391;0.0948028;0.086636;0.0761149;0.0635274;0.0492164;0.0335711;0.017016;0;
0;0.0169063;0.0333485;0.0488753;0.063061;0.0755176;0.085905;0.0939405;0.0994068;0.102157;0.102119;0.0992973;0.0937713;0.0856943;0.0752883;0.062838;0.0486827;0.0332072;0.0168316;0;
0;0.0167207;0.0329823;0.0483389;0.0623694;0.0746899;0.0849643;0.0929128;0.0983204;0.101042;0.101006;0.0982156;0.0927509;0.0847627;0.0744706;0.062156;0.0481546;0.0328472;0.0166492;0;
0;0.0165371;0.0326203;0.0478085;0.0616854;0.0738714;0.084034;0.0918964;0.0972459;0.0999387;0.0999041;0.0971457;0.0917415;0.0838411;0.0736616;0.0614813;0.0476322;0.032491;0.0164687;0;
0;0.0163555;0.0322623;0.047284;0.061009;0.073062;0.0831139;0.0908912;0.0961832;0.0988477;0.0988146;0.0960874;0.090743;0.0829295;0.0728613;0.0608138;0.0471153;0.0321385;0.0162901;0;
0;0.016176;0.0319083;0.0467653;0.0603402;0.0722616;0.0822041;0.0898971;0.0951322;0.0977687;0.097737;0.0950405;0.0897553;0.0820276;0.0720696;0.0601534;0.046604;0.0317899;0.0161134;0;
0;0.0159985;0.0315582;0.0462524;0.0596788;0.07147;0.0813043;0.088914;0.0940928;0.0967014;0.0966711;0.094005;0.0887783;0.0811355;0.0712863;0.0595001;0.0460981;0.031445;0.0159386;0;
0;0.015823;0.031212;0.0457453;0.0590248;0.0706873;0.0804145;0.0879416;0.0930647;0.0956458;0.0956168;0.0929808;0.0878119;0.080253;0.0705115;0.0588538;0.0455976;0.0311037;0.0157657;0;
0;0.0156494;0.0308697;0.0452438;0.058378;0.0699131;0.0795344;0.08698;0.0920479;0.0946018;0.094574;0.0919676;0.0868559;0.0793799;0.069745;0.0582144;0.0451025;0.0307661;0.0155946;0;
0;0.0154778;0.0305312;0.0447478;0.0577384;0.0691476;0.0786641;0.0860289;0.0910423;0.0935691;0.0935426;0.0909655;0.0859102;0.0785163;0.0689867;0.0575819;0.0446127;0.0304321;0.0154254;0;
0;0.015308;0.0301965;0.0442574;0.0571058;0.0683905;0.0778034;0.0850884;0.0900477;0.0925478;0.0925223;0.0899742;0.0849748;0.077662;0.0682366;0.0569562;0.0441281;0.0301016;0.0152579;0;
0;0.0151402;0.0298655;0.0437724;0.0564803;0.0676418;0.0769522;0.0841581;0.089064;0.0915376;0.0915133;0.0889937;0.0840494;0.076817;0.0674946;0.0563371;0.0436487;0.0297747;0.0150922;0;
0;0.0149742;0.0295381;0.0432928;0.0558618;0.0669014;0.0761104;0.0832381;0.0880911;0.0905384;0.0905151;0.0880238;0.0831341;0.075981;0.0667606;0.0557248;0.0431745;0.0294513;0.0149283;0;
0;0.0148101;0.0292144;0.0428185;0.05525;0.0661691;0.0752779;0.0823282;0.0871288;0.0895502;0.0895279;0.0870645;0.0822288;0.0751541;0.0660344;0.055119;0.0427053;0.0291314;0.0147662;0;
0;0.0146478;0.0288943;0.0423495;0.0546451;0.065445;0.0744545;0.0814283;0.0861771;0.0885727;0.0885514;0.0861156;0.0813332;0.0743361;0.0653161;0.0545197;0.0422412;0.0288149;0.0146058;0;
0;0.0144873;0.0285778;0.0418857;0.0540468;0.0647288;0.0736402;0.0805383;0.0852358;0.087606;0.0875856;0.085177;0.0804473;0.0735269;0.0646055;0.0539269;0.0417821;0.0285018;0.0144471;0;
0;0.0143286;0.0282647;0.041427;0.0534552;0.0640206;0.0728349;0.0796581;0.0843049;0.0866498;0.0866303;0.0842486;0.079571;0.0727265;0.0639026;0.0533404;0.0413279;0.028192;0.0142901;0;
0;0.0141716;0.0279552;0.0409734;0.0528701;0.0633201;0.0720385;0.0787875;0.0833841;0.085704;0.0856854;0.0833302;0.0787042;0.0719348;0.0632073;0.0527603;0.0408786;0.0278856;0.0141348;0;
0;0.0140164;0.027649;0.0405248;0.0522914;0.0626274;0.0712508;0.0779265;0.0824735;0.0847686;0.0847508;0.0824219;0.0778468;0.0711516;0.0625195;0.0521864;0.0404341;0.0275825;0.0139812;0;
0;0.0138629;0.0273463;0.0400811;0.0517192;0.0619424;0.0704717;0.077075;0.0815728;0.0838434;0.0838264;0.0815234;0.0769988;0.0703768;0.0618391;0.0516187;0.0399944;0.0272826;0.0138292;0;
0;0.0137111;0.0270469;0.0396424;0.0511532;0.0612648;0.0697013;0.0762328;0.0806819;0.0829283;0.082912;0.0806347;0.0761599;0.0696105;0.061166;0.0510571;0.0395594;0.026986;0.0136789;0;
0;0.013561;0.0267508;0.0392085;0.0505935;0.0605948;0.0689393;0.0753998;0.0798008;0.0820232;0.0820076;0.0797557;0.0753301;0.0688525;0.0605003;0.0505016;0.0391291;0.0266925;0.0135302;0;
0;0.0134125;0.0264579;0.0387794;0.05004;0.0599321;0.0681857;0.074576;0.0789294;0.081128;0.0811131;0.0788862;0.0745093;0.0681026;0.0598417;0.0499521;0.0387035;0.0264022;0.013383;0;
0;0.0132657;0.0261684;0.0383551;0.0494926;0.0592767;0.0674404;0.0737612;0.0780675;0.0802426;0.0802283;0.0780262;0.0736974;0.0673609;0.0591902;0.0494085;0.0382824;0.026115;0.0132375;0;
0;0.0131205;0.025882;0.0379354;0.0489512;0.0586285;0.0667033;0.0729554;0.077215;0.0793668;0.0793532;0.0771755;0.0728943;0.0666272;0.0585458;0.0488707;0.0378659;0.025831;0.0130935;0;
0;0.0129769;0.0255987;0.0375204;0.0484158;0.0579875;0.0659742;0.0721584;0.0763719;0.0785007;0.0784876;0.0763341;0.0721;0.0659015;0.0579083;0.0483388;0.0374539;0.02555;0.0129511;0;
0;0.0128349;0.0253186;0.0371099;0.0478863;0.0573535;0.0652532;0.0713701;0.075538;0.0776439;0.0776314;0.0755018;0.0713142;0.0651836;0.0572778;0.0478126;0.0370463;0.025272;0.0128102;0;
0;0.0126944;0.0250416;0.036704;0.0473626;0.0567265;0.0645401;0.0705905;0.0747132;0.0767966;0.0767846;0.0746786;0.070537;0.0644735;0.0566541;0.0472922;0.0366431;0.024997;0.0126708;0;
0;0.0125555;0.0247677;0.0363025;0.0468447;0.0561064;0.0638348;0.0698194;0.0738975;0.0759584;0.075947;0.0738644;0.0697683;0.0637711;0.0560371;0.0467773;0.0362443;0.024725;0.012533;0;
0;0.0124182;0.0244968;0.0359055;0.0463325;0.0554931;0.0631373;0.0690568;0.0730906;0.0751295;0.0751185;0.073059;0.0690079;0.0630764;0.0554268;0.046268;0.0358498;0.0244559;0.0123966;0;
0;0.0122823;0.0242288;0.0355128;0.0458259;0.0548865;0.0624474;0.0683025;0.0722926;0.0743096;0.0742991;0.0722624;0.0682557;0.0623891;0.0548231;0.0457642;0.0354595;0.0241897;0.0122617;0;
0;0.012148;0.0239638;0.0351245;0.0453249;0.0542866;0.0617651;0.0675565;0.0715034;0.0734986;0.0734886;0.0714744;0.0675117;0.0617094;0.054226;0.0452659;0.0350735;0.0239264;0.0121282;0;
0;0.0120151;0.0237017;0.0347404;0.0448294;0.0536933;0.0610903;0.0668187;0.0707227;0.0726965;0.0726869;0.070695;0.0667758;0.061037;0.0536353;0.044773;0.0346916;0.023666;0.0119962;0;
0;0.0118837;0.0234426;0.0343605;0.0443394;0.0531066;0.0604229;0.0660889;0.0699506;0.0719032;0.071894;0.0699241;0.066048;0.0603718;0.053051;0.0442854;0.0343139;0.0234083;0.0118656;0;
0;0.0117538;0.0231862;0.0339849;0.0438547;0.0525262;0.0597628;0.0653672;0.069187;0.0711185;0.0711097;0.0691616;0.065328;0.059714;0.0524731;0.043803;0.0339403;0.0231535;0.0117365;0;
0;0.0116252;0.0229327;0.0336133;0.0433754;0.0519522;0.0591099;0.0646533;0.0684317;0.0703424;0.070334;0.0684074;0.0646158;0.0590632;0.0519014;0.0433259;0.0335707;0.0229014;0.0116087;0;
0;0.0114981;0.022682;0.0332459;0.0429013;0.0513846;0.0584642;0.0639473;0.0676846;0.0695747;0.0695667;0.0676614;0.0639114;0.0584195;0.0513359;0.042854;0.0332051;0.022652;0.0114823;0;
0;0.0113724;0.022434;0.0328825;0.0424324;0.0508231;0.0578256;0.063249;0.0669457;0.0688155;0.0688078;0.0669235;0.0632147;0.0577828;0.0507766;0.0423872;0.0328434;0.0224053;0.0113573;0;
0;0.0112481;0.0221888;0.0325231;0.0419687;0.0502678;0.057194;0.0625583;0.0662149;0.0680645;0.0680572;0.0661937;0.0625255;0.0571531;0.0502233;0.0419255;0.0324857;0.0221613;0.0112336;0;
0;0.0111251;0.0219462;0.0321676;0.0415101;0.0497186;0.0565693;0.0618752;0.0654921;0.0673217;0.0673147;0.0654718;0.0618438;0.0565301;0.0496761;0.0414687;0.0321319;0.02192;0.0111113;0;
0;0.0110035;0.0217063;0.0318161;0.0410565;0.0491755;0.0559514;0.0611996;0.0647772;0.0665871;0.0665803;0.0647578;0.0611695;0.055914;0.0491348;0.0410169;0.0317819;0.0216812;0.0109902;0;
0;0.0108832;0.0214691;0.0314684;0.0406079;0.0486383;0.0553403;0.0605314;0.0640701;0.0658604;0.065854;0.0640515;0.0605026;0.0553045;0.0485993;0.04057;0.0314356;0.0214451;0.0108705;0;
0;0.0107643;0.0212345;0.0311245;0.0401642;0.0481069;0.0547359;0.0598704;0.0633707;0.0651417;0.0651356;0.0633529;0.0598429;0.0547017;0.0480697;0.040128;0.0310932;0.0212115;0.0107521;0;
0;0.0106466;0.0210024;0.0307844;0.0397254;0.0475814;0.0541381;0.0592167;0.062679;0.0644309;0.064425;0.062662;0.0591904;0.0541054;0.0475458;0.0396907;0.0307544;0.0209804;0.010635;0;
0;0.0105303;0.0207729;0.030448;0.0392914;0.0470617;0.0535469;0.0585702;0.0619949;0.0637278;0.0637221;0.0619786;0.058545;0.0535156;0.0470276;0.0392582;0.0304193;0.0207519;0.0105192;0;
0;0.0104152;0.0205459;0.0301153;0.0388622;0.0465477;0.0529621;0.0579307;0.0613182;0.0630324;0.063027;0.0613026;0.0579067;0.0529322;0.046515;0.0388304;0.0300879;0.0205258;0.0104046;0;
0;0.0103014;0.0203214;0.0297863;0.0384376;0.0460393;0.0523838;0.0572983;0.0606489;0.0623445;0.0623394;0.060634;0.0572752;0.0523551;0.046008;0.0384073;0.0297601;0.0203022;0.0102912;0;
0;0.0101888;0.0200994;0.0294609;0.0380177;0.0455364;0.0518118;0.0566727;0.0599869;0.0616642;0.0616593;0.0599726;0.0566507;0.0517843;0.0455066;0.0379887;0.0294358;0.0200809;0.0101791;0;
0;0.0100775;0.0198798;0.029139;0.0376025;0.0450391;0.051246;0.056054;0.0593321;0.0609913;0.0609866;0.0593185;0.0560329;0.0512198;0.0450105;0.0375747;0.029115;0.0198621;0.0100682;0;
0;0.0099674;0.0196626;0.0288207;0.0371917;0.0445472;0.0506864;0.0554421;0.0586846;0.0603258;0.0603212;0.0586715;0.0554219;0.0506613;0.0445199;0.0371652;0.0287977;0.0196457;0.0099585;0;
0;0.0098585;0.0194477;0.0285059;0.0367855;0.0440607;0.050133;0.0548368;0.058044;0.0596675;0.0596632;0.0580316;0.0548175;0.050109;0.0440346;0.0367601;0.0284839;0.0194316;0.00984999;0;
0;0.0097508;0.0192353;0.0281945;0.0363837;0.0435795;0.0495856;0.0542382;0.0574105;0.0590164;0.0590122;0.0573986;0.0542197;0.0495626;0.0435545;0.0363594;0.0281735;0.0192199;0.00974265;0;
0;0.00964428;0.0190252;0.0278865;0.0359864;0.0431036;0.0490442;0.0536461;0.0567839;0.0583724;0.0583684;0.0567725;0.0536284;0.0490222;0.0430797;0.0359631;0.0278664;0.0190104;0.00963648;0;
0;0.00953892;0.0188173;0.0275819;0.0355933;0.042633;0.0485087;0.0530605;0.0561642;0.0577354;0.0577316;0.0561532;0.0530436;0.0484877;0.0426101;0.0355711;0.0275627;0.0188032;0.00953146;0;
0;0.00943472;0.0186118;0.0272807;0.0352046;0.0421674;0.0479791;0.0524813;0.0555512;0.0571054;0.0571018;0.0555407;0.0524651;0.047959;0.0421455;0.0351833;0.0272623;0.0185983;0.00942759;0;
0;0.00933167;0.0184085;0.0269827;0.0348201;0.041707;0.0474553;0.0519084;0.0549449;0.0564823;0.0564788;0.0549349;0.0518929;0.047436;0.041686;0.0347998;0.0269651;0.0183956;0.00932484;0;
0;0.00922974;0.0182074;0.026688;0.0344399;0.0412516;0.0469372;0.0513418;0.0543452;0.0558659;0.0558626;0.0543357;0.051327;0.0469188;0.0412315;0.0344204;0.0266712;0.0181951;0.00922321;0;
0;0.00912893;0.0180086;0.0263965;0.0340638;0.0408012;0.0464248;0.0507813;0.0537521;0.0552563;0.0552532;0.053743;0.0507672;0.0464072;0.040782;0.0340452;0.0263804;0.0179968;0.00912268;0;
0;0.00902922;0.0178119;0.0261083;0.0336918;0.0403557;0.0459179;0.050227;0.0531655;0.0546534;0.0546504;0.0531567;0.0502135;0.0459011;0.0403373;0.033674;0.0260929;0.0178006;0.00902324;0;
0;0.0089306;0.0176174;0.0258231;0.0333239;0.039915;0.0454167;0.0496788;0.0525853;0.054057;0.0540541;0.0525769;0.0496658;0.0454005;0.0398975;0.0333069;0.0258084;0.0176066;0.00892489;0;
0;0.00883307;0.017425;0.0255412;0.0329601;0.0394792;0.0449209;0.0491365;0.0520114;0.0534672;0.0534644;0.0520034;0.0491241;0.0449054;0.0394625;0.0329437;0.0255271;0.0174146;0.0088276;0;
0;0.0087366;0.0172347;0.0252622;0.0326002;0.0390482;0.0444305;0.0486002;0.0514437;0.0528837;0.0528811;0.0514361;0.0485883;0.0444157;0.0390322;0.0325846;0.0252488;0.0172248;0.00873137;0;
0;0.0086412;0.0170465;0.0249864;0.0322442;0.0386219;0.0439455;0.0480697;0.0508823;0.0523067;0.0523041;0.050875;0.0480584;0.0439313;0.0386065;0.0322293;0.0249735;0.017037;0.00863619;0;
0;0.00854683;0.0168603;0.0247136;0.0318922;0.0382003;0.0434657;0.0475451;0.050327;0.0517359;0.0517335;0.05032;0.0475342;0.0434522;0.0381856;0.0318779;0.0247012;0.0168513;0.00854204;0;
0;0.0084535;0.0166762;0.0244437;0.031544;0.0377832;0.0429913;0.0470261;0.0497778;0.0511714;0.0511691;0.0497711;0.0470157;0.0429784;0.0377692;0.0315303;0.0244319;0.0166676;0.00844892;0;
0;0.00836119;0.0164941;0.0241768;0.0311996;0.0373707;0.042522;0.0465129;0.0492346;0.050613;0.0506108;0.0492281;0.0465029;0.0425096;0.0373573;0.0311865;0.0241655;0.0164858;0.00835681;0;
0;0.00826989;0.016314;0.0239128;0.0308589;0.0369628;0.0420578;0.0460052;0.0486973;0.0500608;0.0500586;0.0486911;0.0459957;0.042046;0.0369499;0.0308464;0.023902;0.0163061;0.0082657;0;
0;0.00817959;0.0161359;0.0236518;0.030522;0.0365593;0.0415988;0.0455031;0.0481658;0.0495145;0.0495125;0.04816;0.045494;0.0415874;0.036547;0.0305101;0.0236414;0.0161283;0.00817558;0;
0;0.00809028;0.0159597;0.0233935;0.0301888;0.0361602;0.0411447;0.0450064;0.0476402;0.0489742;0.0489723;0.0476346;0.0449978;0.0411339;0.0361484;0.0301774;0.0233836;0.0159525;0.00808644;0;
0;0.00800194;0.0157855;0.0231381;0.0298592;0.0357654;0.0406956;0.0445152;0.0471203;0.0484398;0.048438;0.0471149;0.0445069;0.0406852;0.0357542;0.0298483;0.0231287;0.0157785;0.00799827;0;
0;0.00791457;0.0156131;0.0228855;0.0295333;0.035375;0.0402514;0.0440294;0.0466061;0.0479113;0.0479095;0.0466009;0.0440215;0.0402415;0.0353642;0.0295228;0.0228765;0.0156065;0.00791106;0;
0;0.00782816;0.0154427;0.0226357;0.0292109;0.0349889;0.039812;0.0435489;0.0460975;0.0473885;0.0473868;0.0460926;0.0435413;0.0398026;0.0349786;0.0292008;0.022627;0.0154363;0.0078248;0;
0;0.00774269;0.0152741;0.0223885;0.028892;0.0346069;0.0393775;0.0430736;0.0455944;0.0468714;0.0468698;0.0455897;0.0430663;0.0393684;0.0345971;0.0288824;0.0223803;0.015268;0.00773948;0;
0;0.00765816;0.0151073;0.0221441;0.0285766;0.0342292;0.0389477;0.0426035;0.0450969;0.04636;0.0463584;0.0450924;0.0425965;0.038939;0.0342197;0.0285674;0.0221362;0.0151015;0.00765509;0;
0;0.00757455;0.0149424;0.0219024;0.0282646;0.0338556;0.0385226;0.0421385;0.0446048;0.0458541;0.0458526;0.0446005;0.0421319;0.0385143;0.0338465;0.0282559;0.0218948;0.0149368;0.00757161;0;
0;0.00749186;0.0147792;0.0216633;0.0279561;0.033486;0.0381022;0.0416787;0.044118;0.0453538;0.0453524;0.0441139;0.0416723;0.0380942;0.0334774;0.0279477;0.021656;0.0147739;0.00748905;0;
0;0.00741007;0.0146179;0.0214268;0.0276509;0.0331205;0.0376863;0.0412238;0.0436366;0.0448589;0.0448575;0.0436326;0.0412177;0.0376787;0.0331122;0.0276429;0.0214199;0.0146128;0.00740738;0;
0;0.00732918;0.0144583;0.0211929;0.0273491;0.032759;0.037275;0.0407739;0.0431604;0.0443694;0.0443681;0.0431566;0.0407681;0.0372677;0.0327511;0.0273414;0.0211863;0.0144535;0.0073266;0;
0;0.00724917;0.0143005;0.0209616;0.0270506;0.0324014;0.0368682;0.0403289;0.0426894;0.0438853;0.043884;0.0426858;0.0403234;0.0368612;0.0323939;0.0270432;0.0209552;0.0142958;0.0072467;0;
0;0.00717003;0.0141444;0.0207327;0.0267553;0.0320478;0.0364658;0.0398888;0.0422236;0.0434064;0.0434053;0.0422201;0.0398835;0.0364591;0.0320406;0.0267483;0.0207267;0.0141399;0.00716767;0;
0;0.00709176;0.01399;0.0205064;0.0264633;0.031698;0.0360678;0.0394535;0.0417628;0.0429328;0.0429317;0.0417595;0.0394484;0.0360614;0.0316911;0.0264565;0.0205006;0.0139857;0.00708951;0;
0;0.00701435;0.0138373;0.0202826;0.0261744;0.031352;0.0356742;0.0390229;0.0413071;0.0424644;0.0424633;0.0413039;0.0390181;0.0356681;0.0313454;0.026168;0.020277;0.0138332;0.00701219;0;
0;0.00693778;0.0136862;0.0200612;0.0258887;0.0310098;0.0352848;0.0385971;0.0408563;0.042001;0.042;0.0408533;0.0385924;0.035279;0.0310035;0.0258826;0.0200559;0.0136823;0.00693572;0;
0;0.00686205;0.0135368;0.0198422;0.0256062;0.0306714;0.0348997;0.0381759;0.0404105;0.0415427;0.0415417;0.0404076;0.0381714;0.0348942;0.0306653;0.0256003;0.0198371;0.0135331;0.00686007;0;
0;0.00678714;0.0133891;0.0196256;0.0253267;0.0303366;0.0345189;0.0377593;0.0399695;0.0410894;0.0410885;0.0399668;0.037755;0.0345135;0.0303308;0.025321;0.0196208;0.0133855;0.00678526;0;
0;0.00671306;0.0132429;0.0194114;0.0250502;0.0300055;0.0341421;0.0373472;0.0395334;0.0406411;0.0406402;0.0395307;0.0373431;0.034137;0.03;0.0250449;0.0194068;0.0132395;0.00671125;0;
0;0.00663978;0.0130984;0.0191996;0.0247768;0.0296781;0.0337695;0.0369397;0.039102;0.0401977;0.0401968;0.0390995;0.0369357;0.0337647;0.0296728;0.0247717;0.0191951;0.0130951;0.00663806;0;
0;0.00656731;0.0129554;0.01899;0.0245064;0.0293542;0.033401;0.0365365;0.0386753;0.039759;0.0397582;0.0386729;0.0365328;0.0333963;0.0293491;0.0245015;0.0189857;0.0129523;0.00656566;0;
0;0.00649563;0.012814;0.0187827;0.0242389;0.0290338;0.0330365;0.0361378;0.0382533;0.0393252;0.0393244;0.038251;0.0361343;0.033032;0.0290289;0.0242342;0.0187787;0.012811;0.00649405;0;
0;0.00642473;0.0126741;0.0185777;0.0239744;0.0287169;0.0326759;0.0357435;0.0378359;0.0388961;0.0388954;0.0378337;0.0357401;0.0326717;0.0287123;0.0239699;0.0185738;0.0126713;0.00642321;0;
0;0.0063546;0.0125358;0.018375;0.0237127;0.0284035;0.0323194;0.0353534;0.037423;0.0384717;0.038471;0.0374209;0.0353501;0.0323153;0.0283991;0.0237084;0.0183712;0.0125331;0.00635316;0;
0;0.00628524;0.012399;0.0181744;0.0234539;0.0280935;0.0319667;0.0349676;0.0370147;0.038052;0.0380512;0.0370126;0.0349645;0.0319627;0.0280893;0.0234498;0.0181708;0.0123964;0.00628386;0;
0;0.00621664;0.0122637;0.0179761;0.023198;0.0277869;0.0316178;0.0345861;0.0366108;0.0376368;0.0376361;0.0366088;0.0345831;0.0316141;0.0277829;0.023194;0.0179726;0.0122612;0.00621532;0;
0;0.00614879;0.0121298;0.0177799;0.0229448;0.0274837;0.0312728;0.0342086;0.0362113;0.0372261;0.0372255;0.0362094;0.0342058;0.0312692;0.0274798;0.022941;0.0177766;0.0121274;0.00614753;0;
0;0.00608168;0.0119974;0.0175858;0.0226944;0.0271838;0.0309315;0.0338353;0.0358161;0.0368199;0.0368193;0.0358144;0.0338326;0.0309281;0.02718;0.0226908;0.0175827;0.0119951;0.00608047;0;
0;0.00601531;0.0118665;0.0173939;0.0224467;0.0268871;0.0305939;0.0334661;0.0354253;0.0364182;0.0364176;0.0354236;0.0334635;0.0305907;0.0268835;0.0224432;0.0173909;0.0118643;0.00601415;0;
0;0.00594966;0.011737;0.0172041;0.0222017;0.0265937;0.0302601;0.0331009;0.0350388;0.0360208;0.0360202;0.0350372;0.0330984;0.0302569;0.0265903;0.0221984;0.0172012;0.0117349;0.00594855;0;
0;0.00588472;0.0116089;0.0170163;0.0219594;0.0263035;0.0299299;0.0327397;0.0346564;0.0356278;0.0356272;0.0346549;0.0327373;0.0299269;0.0263002;0.0219563;0.0170136;0.0116069;0.00588366;0;
0;0.0058205;0.0114822;0.0168306;0.0217198;0.0260164;0.0296032;0.0323825;0.0342783;0.035239;0.0352385;0.0342768;0.0323802;0.0296004;0.0260133;0.0217168;0.016828;0.0114803;0.00581948;0;
0;0.00575697;0.0113569;0.0166469;0.0214828;0.0257325;0.0292802;0.0320291;0.0339043;0.0348545;0.034854;0.0339028;0.0320269;0.0292775;0.0257295;0.0214799;0.0166444;0.011355;0.005756;0;
0;0.00569414;0.0112329;0.0164652;0.0212483;0.0254517;0.0289607;0.0316796;0.0335343;0.0344742;0.0344737;0.0335329;0.0316775;0.0289581;0.0254488;0.0212455;0.0164628;0.0112312;0.00569321;0;
0;0.005632;0.0111103;0.0162855;0.0210164;0.0251739;0.0286447;0.0313339;0.0331684;0.0340981;0.0340976;0.0331671;0.0313319;0.0286421;0.0251712;0.0210138;0.0162833;0.0111087;0.00563111;0;
0;0.00557053;0.0109891;0.0161078;0.0207871;0.0248992;0.0283321;0.030992;0.0328065;0.033726;0.0337256;0.0328052;0.0309901;0.0283297;0.0248966;0.0207845;0.0161056;0.0109875;0.00556968;0;
0;0.00550974;0.0108692;0.015932;0.0205602;0.0246275;0.0280229;0.0306538;0.0324485;0.033358;0.0333576;0.0324473;0.030652;0.0280206;0.024625;0.0205578;0.0159299;0.0108676;0.00550893;0;
0;0.00544961;0.0107505;0.0157582;0.0203359;0.0243588;0.0277171;0.0303193;0.0320944;0.032994;0.0329937;0.0320933;0.0303176;0.0277149;0.0243564;0.0203335;0.0157562;0.0107491;0.00544883;0;
0;0.00539014;0.0106332;0.0155862;0.0201139;0.0240929;0.0274147;0.0299885;0.0317442;0.032634;0.0326337;0.0317431;0.0299868;0.0274126;0.0240907;0.0201117;0.0155843;0.0106318;0.00538939;0;
0;0.00533131;0.0105172;0.0154161;0.0198944;0.02383;0.0271155;0.0296613;0.0313979;0.032278;0.0322776;0.0313968;0.0296596;0.0271135;0.0238278;0.0198923;0.0154143;0.0105158;0.0053306;0;
0;0.00527313;0.0104024;0.0152479;0.0196773;0.02357;0.0268196;0.0293376;0.0310553;0.0319258;0.0319254;0.0310543;0.029336;0.0268177;0.0235679;0.0196753;0.0152461;0.0104011;0.00527245;0;
0;0.00521559;0.0102889;0.0150815;0.0194626;0.0233128;0.026527;0.0290175;0.0307164;0.0315774;0.0315771;0.0307154;0.029016;0.0265251;0.0233108;0.0194607;0.0150798;0.0102876;0.00521493;0;
0;0.00515867;0.0101766;0.0149169;0.0192502;0.0230584;0.0262375;0.0287008;0.0303812;0.0312329;0.0312326;0.0303803;0.0286994;0.0262357;0.0230565;0.0192484;0.0149153;0.0101754;0.00515805;0;
0;0.00510237;0.0100655;0.0147541;0.0190401;0.0228068;0.0259512;0.0283877;0.0300497;0.0308921;0.0308918;0.0300489;0.0283863;0.0259495;0.0228049;0.0190384;0.0147526;0.0100644;0.00510178;0;
0;0.00504669;0.0099557;0.0145931;0.0188324;0.0225579;0.025668;0.0280779;0.0297219;0.030555;0.0305547;0.029721;0.0280766;0.0256664;0.0225561;0.0188307;0.0145916;0.00995462;0.00504612;0;
0;0.00499162;0.00984705;0.0144338;0.0186269;0.0223117;0.0253879;0.0277715;0.0293975;0.0302216;0.0302214;0.0293967;0.0277703;0.0253864;0.0223101;0.0186252;0.0144324;0.00984602;0.00499107;0;
0;0.00493715;0.0097396;0.0142763;0.0184236;0.0220683;0.0251109;0.0274685;0.0290768;0.0298919;0.0298916;0.029076;0.0274673;0.0251094;0.0220667;0.018422;0.014275;0.00973861;0.00493662;0;
0;0.00488327;0.00963331;0.0141205;0.0182226;0.0218274;0.0248369;0.0271688;0.0287595;0.0295657;0.0295655;0.0287588;0.0271676;0.0248355;0.0218259;0.0182211;0.0141193;0.00963237;0.00488277;0;
0;0.00482998;0.00952819;0.0139665;0.0180237;0.0215893;0.0245659;0.0268723;0.0284457;0.0292431;0.0292429;0.028445;0.0268712;0.0245645;0.0215878;0.0180223;0.0139652;0.00952728;0.0048295;0;
0;0.00477727;0.00942421;0.0138141;0.017827;0.0213537;0.0242978;0.0265791;0.0281353;0.0289241;0.0289238;0.0281347;0.026578;0.0242965;0.0213523;0.0178257;0.0138129;0.00942335;0.00477681;0;
0;0.00472514;0.00932137;0.0136633;0.0176325;0.0211207;0.0240327;0.0262891;0.0278283;0.0286085;0.0286083;0.0278277;0.0262881;0.0240314;0.0211193;0.0176312;0.0136622;0.00932054;0.0047247;0;
0;0.00467358;0.00921965;0.0135142;0.0174401;0.0208902;0.0237704;0.0260022;0.0275247;0.0282963;0.0282961;0.0275241;0.0260013;0.0237692;0.0208889;0.0174388;0.0135131;0.00921886;0.00467316;0;
0;0.00462258;0.00911904;0.0133667;0.0172498;0.0206622;0.023511;0.0257185;0.0272244;0.0279876;0.0279874;0.0272238;0.0257176;0.0235099;0.020661;0.0172486;0.0133657;0.00911829;0.00462218;0;
0;0.00457213;0.00901954;0.0132209;0.0170616;0.0204368;0.0232545;0.0254379;0.0269273;0.0276822;0.027682;0.0269267;0.025437;0.0232534;0.0204356;0.0170604;0.0132199;0.00901881;0.00457175;0;
0;0.00452224;0.00892111;0.0130766;0.0168754;0.0202138;0.0230008;0.0251603;0.0266335;0.0273802;0.02738;0.026633;0.0251595;0.0229997;0.0202127;0.0168743;0.0130757;0.00892042;0.00452187;0;
0;0.00447289;0.00882376;0.0129339;0.0166912;0.0199932;0.0227498;0.0248858;0.0263429;0.0270814;0.0270812;0.0263424;0.024885;0.0227488;0.0199921;0.0166902;0.012933;0.0088231;0.00447254;0;
0;0.00442408;0.00872748;0.0127928;0.0165091;0.019775;0.0225015;0.0246142;0.0260554;0.0267859;0.0267858;0.026055;0.0246135;0.0225006;0.019774;0.0165081;0.0127919;0.00872684;0.00442375;0;
0;0.00437581;0.00863224;0.0126532;0.0163289;0.0195593;0.022256;0.0243456;0.0257711;0.0264937;0.0264935;0.0257707;0.0243449;0.0222551;0.0195583;0.016328;0.0126524;0.00863163;0.00437549;0;
0;0.00432806;0.00853804;0.0125151;0.0161508;0.0193458;0.0220132;0.02408;0.02549;0.0262046;0.0262044;0.0254895;0.0240793;0.0220123;0.0193449;0.0161499;0.0125143;0.00853746;0.00432775;0;
0;0.00428083;0.00844488;0.0123785;0.0159745;0.0191347;0.021773;0.0238172;0.0252118;0.0259187;0.0259185;0.0252114;0.0238166;0.0217721;0.0191338;0.0159737;0.0123778;0.00844432;0.00428054;0;
0;0.00423412;0.00835273;0.0122435;0.0158002;0.0189259;0.0215354;0.0235574;0.0249367;0.0256359;0.0256357;0.0249363;0.0235567;0.0215346;0.0189251;0.0157994;0.0122427;0.0083522;0.00423384;0;
0;0.00418791;0.00826158;0.0121099;0.0156278;0.0187194;0.0213004;0.0233003;0.0246646;0.0253562;0.025356;0.0246643;0.0232997;0.0212996;0.0187186;0.015627;0.0121092;0.00826107;0.00418765;0;
0;0.00414222;0.00817143;0.0119777;0.0154573;0.0185152;0.021068;0.0230461;0.0243955;0.0250795;0.0250794;0.0243951;0.0230455;0.0210673;0.0185144;0.0154565;0.0119771;0.00817095;0.00414196;0;
0;0.00409702;0.00808227;0.011847;0.0152886;0.0183131;0.0208381;0.0227946;0.0241293;0.0248059;0.0248057;0.024129;0.0227941;0.0208374;0.0183124;0.0152879;0.0118464;0.0080818;0.00409677;0;
0;0.00405231;0.00799407;0.0117178;0.0151218;0.0181133;0.0206107;0.0225459;0.0238661;0.0245352;0.0245351;0.0238657;0.0225454;0.0206101;0.0181126;0.0151211;0.0117172;0.00799363;0.00405207;0;
0;0.00400809;0.00790684;0.0115899;0.0149568;0.0179157;0.0203858;0.0222999;0.0236057;0.0242675;0.0242674;0.0236053;0.0222994;0.0203852;0.017915;0.0149561;0.0115893;0.00790642;0.00400787;0;
0;0.00396436;0.00782056;0.0114634;0.0147936;0.0177202;0.0201634;0.0220566;0.0233481;0.0240027;0.0240026;0.0233478;0.0220561;0.0201628;0.0177195;0.0147929;0.0114629;0.00782016;0.00396414;0;
0;0.0039211;0.00773523;0.0113383;0.0146322;0.0175268;0.0199434;0.0218159;0.0230933;0.0237408;0.0237407;0.023093;0.0218154;0.0199428;0.0175262;0.0146315;0.0113378;0.00773484;0.00392089;0;
0;0.00387831;0.00765082;0.0112146;0.0144725;0.0173356;0.0197258;0.0215779;0.0228414;0.0234818;0.0234817;0.0228411;0.0215774;0.0197252;0.017335;0.0144719;0.0112141;0.00765045;0.00387811;0;
0;0.00383599;0.00756734;0.0110923;0.0143146;0.0171464;0.0195105;0.0213424;0.0225921;0.0232256;0.0232255;0.0225919;0.021342;0.01951;0.0171458;0.014314;0.0110918;0.00756698;0.0038358;0;
0;0.00379413;0.00748477;0.0109712;0.0141584;0.0169593;0.0192976;0.0211095;0.0223456;0.0229722;0.0229721;0.0223454;0.0211091;0.0192971;0.0169588;0.0141579;0.0109708;0.00748443;0.00379395;0;
0;0.00375273;0.00740309;0.0108515;0.0140039;0.0167743;0.0190871;0.0208792;0.0221018;0.0227215;0.0227214;0.0221016;0.0208788;0.0190866;0.0167738;0.0140034;0.0108511;0.00740277;0.00375256;0;
0;0.00371178;0.00732231;0.0107331;0.0138511;0.0165912;0.0188788;0.0206514;0.0218607;0.0224736;0.0224735;0.0218604;0.020651;0.0188783;0.0165907;0.0138506;0.0107327;0.007322;0.00371162;0;
0;0.00367128;0.00724242;0.010616;0.0137;0.0164102;0.0186728;0.0204261;0.0216221;0.0222284;0.0222283;0.0216219;0.0204257;0.0186724;0.0164097;0.0136995;0.0106156;0.00724212;0.00367112;0;
0;0.00363122;0.00716339;0.0105001;0.0135505;0.0162312;0.0184691;0.0202032;0.0213862;0.0219858;0.0219858;0.021386;0.0202029;0.0184687;0.0162307;0.01355;0.0104998;0.0071631;0.00363107;0;
0;0.0035916;0.00708523;0.0103856;0.0134026;0.016054;0.0182676;0.0199828;0.0211529;0.021746;0.0217459;0.0211526;0.0199824;0.0182671;0.0160536;0.0134022;0.0103852;0.00708495;0.00359146;0;
0;0.00355241;0.00700791;0.0102723;0.0132564;0.0158789;0.0180682;0.0197647;0.0209221;0.0215087;0.0215086;0.0209219;0.0197644;0.0180678;0.0158785;0.013256;0.0102719;0.00700765;0.00355227;0;
0;0.00351365;0.00693145;0.0101602;0.0131117;0.0157056;0.0178711;0.0195491;0.0206938;0.021274;0.0212739;0.0206936;0.0195488;0.0178707;0.0157052;0.0131113;0.0101598;0.0069312;0.00351352;0;
0;0.00347531;0.00685581;0.0100493;0.0129687;0.0155342;0.0176761;0.0193358;0.020468;0.0210419;0.0210418;0.0204678;0.0193355;0.0176757;0.0155339;0.0129683;0.010049;0.00685558;0.00347518;0;
0;0.00343739;0.00678101;0.00993965;0.0128272;0.0153647;0.0174832;0.0191248;0.0202447;0.0208123;0.0208122;0.0202445;0.0191245;0.0174829;0.0153644;0.0128268;0.00993934;0.00678078;0.00343727;0;
0;0.00339988;0.00670702;0.00983119;0.0126872;0.0151971;0.0172925;0.0189161;0.0200238;0.0205852;0.0205852;0.0200236;0.0189158;0.0172921;0.0151967;0.0126868;0.00983089;0.0067068;0.00339976;0;
0;0.00336278;0.00663383;0.00972392;0.0125488;0.0150313;0.0171038;0.0187097;0.0198053;0.0203606;0.0203606;0.0198051;0.0187095;0.0171035;0.0150309;0.0125484;0.00972364;0.00663362;0.00336267;0;
0;0.00332609;0.00656145;0.00961782;0.0124118;0.0148673;0.0169171;0.0185056;0.0195892;0.0201385;0.0201384;0.019589;0.0185053;0.0169168;0.0148669;0.0124115;0.00961755;0.00656125;0.00332598;0;
0;0.0032898;0.00648985;0.00951287;0.0122764;0.014705;0.0167326;0.0183036;0.0193754;0.0199187;0.0199187;0.0193753;0.0183034;0.0167323;0.0147047;0.0122761;0.00951261;0.00648966;0.0032897;0;
0;0.0032539;0.00641904;0.00940908;0.0121424;0.0145446;0.01655;0.0181039;0.019164;0.0197014;0.0197013;0.0191639;0.0181037;0.0165497;0.0145443;0.0121422;0.00940883;0.00641886;0.0032538;0;
0;0.0032184;0.006349;0.00930641;0.01201;0.0143859;0.0163694;0.0179064;0.0189549;0.0194864;0.0194864;0.0189548;0.0179062;0.0163691;0.0143856;0.0120097;0.00930617;0.00634882;0.0032183;0;
0;0.00318328;0.00627972;0.00920486;0.0118789;0.0142289;0.0161908;0.017711;0.0187481;0.0192738;0.0192738;0.018748;0.0177108;0.0161905;0.0142287;0.0118786;0.00920464;0.00627955;0.00318319;0;
0;0.00314854;0.0062112;0.00910443;0.0117493;0.0140737;0.0160141;0.0175178;0.0185436;0.0190635;0.0190635;0.0185434;0.0175176;0.0160139;0.0140734;0.011749;0.00910421;0.00621104;0.00314846;0;
0;0.00311419;0.00614343;0.00900508;0.0116211;0.0139201;0.0158394;0.0173266;0.0183412;0.0188555;0.0188555;0.0183411;0.0173264;0.0158392;0.0139199;0.0116209;0.00900488;0.00614328;0.00311411;0;
0;0.00308021;0.0060764;0.00890683;0.0114943;0.0137682;0.0156666;0.0171376;0.0181411;0.0186498;0.0186497;0.018141;0.0171374;0.0156664;0.013768;0.0114941;0.00890663;0.00607625;0.00308013;0;
0;0.0030466;0.00601009;0.00880964;0.0113689;0.013618;0.0154956;0.0169506;0.0179432;0.0184463;0.0184463;0.0179431;0.0169504;0.0154954;0.0136178;0.0113687;0.00880945;0.00600995;0.00304653;0;
0;0.00301336;0.00594452;0.00871352;0.0112448;0.0134694;0.0153266;0.0167656;0.0177474;0.018245;0.018245;0.0177473;0.0167655;0.0153264;0.0134692;0.0112446;0.00871333;0.00594438;0.00301329;0;
0;0.00298048;0.00587965;0.00861844;0.0111221;0.0133224;0.0151593;0.0165827;0.0175537;0.018046;0.0180459;0.0175536;0.0165826;0.0151591;0.0133222;0.0111219;0.00861827;0.00587952;0.00298041;0;
0;0.00294796;0.0058155;0.0085244;0.0110008;0.0131771;0.0149939;0.0164018;0.0173622;0.0178491;0.017849;0.0173621;0.0164016;0.0149937;0.0131769;0.0110006;0.00852424;0.00581538;0.00294789;0;
0;0.00291579;0.00575204;0.00843139;0.0108807;0.0130333;0.0148303;0.0162228;0.0171728;0.0176543;0.0176543;0.0171727;0.0162227;0.0148301;0.0130331;0.0108806;0.00843123;0.00575193;0.00291573;0;
0;0.00288398;0.00568928;0.00833939;0.010762;0.0128911;0.0146685;0.0160458;0.0169854;0.0174617;0.0174617;0.0169853;0.0160457;0.0146683;0.0128909;0.0107618;0.00833924;0.00568917;0.00288392;0;
0;0.00285251;0.0056272;0.0082484;0.0106446;0.0127504;0.0145085;0.0158707;0.0168001;0.0172712;0.0172711;0.0168;0.0158706;0.0145083;0.0127503;0.0106444;0.00824825;0.0056271;0.00285245;0;
0;0.00282138;0.0055658;0.0081584;0.0105285;0.0126113;0.0143502;0.0156976;0.0166168;0.0170827;0.0170827;0.0166167;0.0156974;0.01435;0.0126111;0.0105283;0.00815826;0.0055657;0.00282133;0;
0;0.0027906;0.00550507;0.00806938;0.0104136;0.0124737;0.0141936;0.0155263;0.0164355;0.0168963;0.0168963;0.0164354;0.0155262;0.0141934;0.0124735;0.0104134;0.00806925;0.00550498;0.00279055;0;
0;0.00276015;0.00544501;0.00798134;0.0102999;0.0123376;0.0140387;0.0153569;0.0162561;0.016712;0.0167119;0.0162561;0.0153568;0.0140386;0.0123374;0.0102998;0.00798121;0.00544491;0.0027601;0;
0;0.00273003;0.0053856;0.00789425;0.0101876;0.012203;0.0138855;0.0151893;0.0160788;0.0165296;0.0165296;0.0160787;0.0151892;0.0138854;0.0122028;0.0101874;0.00789413;0.00538551;0.00272998;0;
0;0.00270024;0.00532683;0.00780811;0.0100764;0.0120698;0.013734;0.0150236;0.0159033;0.0163493;0.0163492;0.0159033;0.0150235;0.0137339;0.0120697;0.0100763;0.007808;0.00532675;0.0027002;0;
0;0.00267078;0.00526871;0.00772292;0.00996646;0.0119381;0.0135842;0.0148597;0.0157298;0.0161709;0.0161709;0.0157297;0.0148596;0.013584;0.011938;0.00996633;0.0077228;0.00526863;0.00267074;0;
0;0.00264164;0.00521122;0.00763865;0.00985771;0.0118079;0.013436;0.0146975;0.0155582;0.0159944;0.0159944;0.0155581;0.0146974;0.0134358;0.0118078;0.00985759;0.00763854;0.00521114;0.0026416;0;
0;0.00261282;0.00515436;0.0075553;0.00975015;0.011679;0.0132893;0.0145372;0.0153884;0.0158199;0.0158199;0.0153884;0.0145371;0.0132892;0.0116789;0.00975004;0.0075552;0.00515429;0.00261278;0;
0;0.00258431;0.00509812;0.00747287;0.00964377;0.0115516;0.0131443;0.0143785;0.0152205;0.0156473;0.0156473;0.0152205;0.0143785;0.0131442;0.0115515;0.00964366;0.00747277;0.00509805;0.00258427;0;
0;0.00255611;0.00504249;0.00739133;0.00953854;0.0114256;0.0130009;0.0142217;0.0150544;0.0154766;0.0154766;0.0150544;0.0142216;0.0130008;0.0114255;0.00953844;0.00739124;0.00504242;0.00255607;0;
0;0.00252822;0.00498747;0.00731068;0.00943447;0.0113009;0.0128591;0.0140665;0.0148902;0.0153077;0.0153077;0.0148901;0.0140664;0.012859;0.0113008;0.00943436;0.00731059;0.00498741;0.00252818;0;
0;0.00250063;0.00493306;0.00723091;0.00933153;0.0111776;0.0127188;0.013913;0.0147277;0.0151407;0.0151407;0.0147277;0.0139129;0.0127187;0.0111775;0.00933143;0.00723083;0.00493299;0.0025006;0;
0;0.00247335;0.00487923;0.00715202;0.00922971;0.0110556;0.01258;0.0137612;0.014567;0.0149755;0.0149755;0.014567;0.0137611;0.0125799;0.0110555;0.00922961;0.00715193;0.00487917;0.00247332;0;
0;0.00244636;0.00482599;0.00707398;0.009129;0.010935;0.0124427;0.013611;0.0144081;0.0148121;0.0148121;0.014408;0.013611;0.0124426;0.0109349;0.00912891;0.0070739;0.00482593;0.00244633;0;
0;0.00241967;0.00477333;0.00699679;0.0090294;0.0108157;0.012307;0.0134625;0.0142509;0.0146505;0.0146505;0.0142508;0.0134625;0.0123069;0.0108156;0.00902931;0.00699672;0.00477328;0.00241964;0;
0;0.00239327;0.00472125;0.00692045;0.00893088;0.0106977;0.0121727;0.0133156;0.0140954;0.0144906;0.0144906;0.0140953;0.0133156;0.0121726;0.0106976;0.00893079;0.00692038;0.0047212;0.00239324;0;
0;0.00236715;0.00466974;0.00684494;0.00883343;0.010581;0.0120399;0.0131704;0.0139416;0.0143325;0.0143325;0.0139416;0.0131703;0.0120398;0.0105809;0.00883335;0.00684487;0.00466969;0.00236713;0;
0;0.00234133;0.00461879;0.00677026;0.00873705;0.0104655;0.0119085;0.0130267;0.0137895;0.0141761;0.0141761;0.0137894;0.0130266;0.0119084;0.0104654;0.00873697;0.00677019;0.00461874;0.0023413;0;
0;0.00231578;0.00456839;0.00669638;0.00864172;0.0103513;0.0117786;0.0128845;0.013639;0.0140215;0.0140215;0.013639;0.0128845;0.0117785;0.0103512;0.00864164;0.00669632;0.00456834;0.00231576;0;
0;0.00229051;0.00451854;0.00662332;0.00854743;0.0102384;0.0116501;0.0127439;0.0134902;0.0138685;0.0138685;0.0134902;0.0127439;0.01165;0.0102383;0.00854736;0.00662326;0.0045185;0.00229049;0;
0;0.00226552;0.00446924;0.00655105;0.00845416;0.0101267;0.0115229;0.0126049;0.013343;0.0137172;0.0137172;0.013343;0.0126048;0.0115229;0.0101266;0.0084541;0.00655099;0.0044692;0.0022655;0;
0;0.0022408;0.00442048;0.00647957;0.00836192;0.0100162;0.0113972;0.0124674;0.0131974;0.0135675;0.0135675;0.0131974;0.0124673;0.0113971;0.0100161;0.00836186;0.00647952;0.00442044;0.00224078;0;
0;0.00221635;0.00437224;0.00640887;0.00827068;0.00990689;0.0112729;0.0123313;0.0130534;0.0134195;0.0134195;0.0130534;0.0123313;0.0112728;0.00990682;0.00827062;0.00640882;0.00437221;0.00221633;0;
0;0.00219217;0.00432454;0.00633895;0.00818044;0.00979879;0.0111499;0.0121968;0.012911;0.013273;0.013273;0.012911;0.0121967;0.0111498;0.00979873;0.00818038;0.00633889;0.0043245;0.00219215;0;
0;0.00216825;0.00427735;0.00626978;0.00809118;0.00969188;0.0110282;0.0120637;0.0127701;0.0131282;0.0131282;0.0127701;0.0120637;0.0110281;0.00969182;0.00809113;0.00626973;0.00427732;0.00216823;0;
0;0.00214459;0.00423068;0.00620137;0.0080029;0.00958613;0.0109079;0.0119321;0.0126308;0.012985;0.012985;0.0126308;0.011932;0.0109078;0.00958607;0.00800285;0.00620132;0.00423065;0.00214457;0;
0;0.00212119;0.00418452;0.00613371;0.00791558;0.00948153;0.0107889;0.0118019;0.012493;0.0128433;0.0128433;0.012493;0.0118018;0.0107888;0.00948148;0.00791553;0.00613366;0.00418449;0.00212117;0;
0;0.00209805;0.00413886;0.00606678;0.00782921;0.00937808;0.0106711;0.0116731;0.0123567;0.0127032;0.0127032;0.0123566;0.0116731;0.0106711;0.00937803;0.00782916;0.00606674;0.00413883;0.00209803;0;
0;0.00207515;0.0040937;0.00600059;0.00774379;0.00927575;0.0105547;0.0115457;0.0122218;0.0125646;0.0125646;0.0122218;0.0115457;0.0105547;0.00927571;0.00774374;0.00600055;0.00409367;0.00207514;0;
0;0.00205251;0.00404904;0.00593511;0.00765929;0.00917455;0.0104395;0.0114198;0.0120885;0.0124275;0.0124275;0.0120885;0.0114197;0.0104395;0.0091745;0.00765925;0.00593507;0.00404901;0.0020525;0;
0;0.00203012;0.00400486;0.00587036;0.00757572;0.00907444;0.0103256;0.0112952;0.0119566;0.0122919;0.0122919;0.0119566;0.0112951;0.0103256;0.0090744;0.00757568;0.00587032;0.00400483;0.0020301;0;
0;0.00200797;0.00396116;0.0058063;0.00749306;0.00897543;0.010213;0.0111719;0.0118261;0.0121578;0.0121578;0.0118261;0.0111719;0.0102129;0.00897539;0.00749302;0.00580627;0.00396113;0.00200795;0;
0;0.00198606;0.00391794;0.00574295;0.00741131;0.0088775;0.0101015;0.01105;0.0116971;0.0120251;0.0120251;0.0116971;0.01105;0.0101015;0.00887746;0.00741127;0.00574292;0.00391792;0.00198604;0;
0;0.00196439;0.00387519;0.00568029;0.00733044;0.00878064;0.00999132;0.0109295;0.0115695;0.0118939;0.0118939;0.0115695;0.0109294;0.00999128;0.0087806;0.0073304;0.00568026;0.00387517;0.00196437;0;
0;0.00194295;0.00383291;0.00561831;0.00725046;0.00868483;0.0098823;0.0108102;0.0114432;0.0117641;0.0117641;0.0114432;0.0108102;0.00988227;0.00868479;0.00725042;0.00561828;0.00383289;0.00194294;0;
0;0.00192175;0.00379109;0.00555701;0.00717135;0.00859007;0.00977448;0.0106923;0.0113184;0.0116358;0.0116358;0.0113184;0.0106922;0.00977444;0.00859004;0.00717131;0.00555698;0.00379107;0.00192174;0;
0;0.00190079;0.00374972;0.00549638;0.0070931;0.00849634;0.00966783;0.0105756;0.0111949;0.0115088;0.0115088;0.0111949;0.0105756;0.0096678;0.00849631;0.00709307;0.00549635;0.0037497;0.00190077;0;
0;0.00188005;0.00370881;0.00543641;0.00701571;0.00840364;0.00956234;0.0104602;0.0110727;0.0113832;0.0113832;0.0110727;0.0104602;0.00956231;0.00840361;0.00701568;0.00543638;0.00370879;0.00188004;0;
0;0.00185953;0.00366834;0.00537709;0.00693916;0.00831195;0.00945801;0.0103461;0.0109519;0.011259;0.011259;0.0109519;0.0103461;0.00945798;0.00831192;0.00693913;0.00537706;0.00366832;0.00185952;0;
0;0.00183924;0.00362832;0.00531842;0.00686345;0.00822126;0.00935481;0.0102332;0.0108324;0.0111362;0.0111362;0.0108324;0.0102332;0.00935478;0.00822123;0.00686342;0.00531839;0.0036283;0.00183923;0;
0;0.00181918;0.00358873;0.00526039;0.00678856;0.00813155;0.00925274;0.0101215;0.0107142;0.0110147;0.0110147;0.0107142;0.0101215;0.00925271;0.00813153;0.00678853;0.00526037;0.00358871;0.00181917;0;
0;0.00179933;0.00354957;0.00520299;0.00671449;0.00804283;0.00915178;0.0100111;0.0105973;0.0108945;0.0108945;0.0105973;0.0100111;0.00915176;0.0080428;0.00671446;0.00520297;0.00354955;0.00179932;0;
0;0.00177969;0.00351084;0.00514622;0.00664123;0.00795508;0.00905193;0.00990187;0.0104817;0.0107756;0.0107756;0.0104817;0.00990185;0.00905191;0.00795505;0.0066412;0.0051462;0.00351083;0.00177969;0;
0;0.00176028;0.00347254;0.00509007;0.00656877;0.00786828;0.00895316;0.00979383;0.0103673;0.0106581;0.0106581;0.0103673;0.00979381;0.00895314;0.00786825;0.00656874;0.00509005;0.00347252;0.00176027;0;
0;0.00174107;0.00343465;0.00503453;0.00649709;0.00778243;0.00885548;0.00968697;0.0102542;0.0105418;0.0105418;0.0102542;0.00968695;0.00885545;0.0077824;0.00649707;0.00503451;0.00343463;0.00174106;0;
0;0.00172207;0.00339717;0.0049796;0.0064262;0.00769751;0.00875885;0.00958127;0.0101423;0.0104268;0.0104267;0.0101423;0.00958126;0.00875883;0.00769749;0.00642618;0.00497958;0.00339716;0.00172206;0;
0;0.00170328;0.0033601;0.00492527;0.00635609;0.00761353;0.00866329;0.00947673;0.0100317;0.010313;0.010313;0.0100317;0.00947672;0.00866327;0.0076135;0.00635607;0.00492525;0.00336009;0.00170328;0;
0;0.0016847;0.00332344;0.00487153;0.00628674;0.00753045;0.00856876;0.00937333;0.00992222;0.0102005;0.0102005;0.00992221;0.00937332;0.00856874;0.00753043;0.00628672;0.00487151;0.00332343;0.00168469;0;
0;0.00166632;0.00328718;0.00481838;0.00621814;0.00744829;0.00847527;0.00927106;0.00981396;0.0100892;0.0100892;0.00981395;0.00927105;0.00847525;0.00744827;0.00621812;0.00481836;0.00328717;0.00166631;0;
0;0.00164814;0.00325131;0.0047658;0.00615029;0.00736702;0.00838279;0.0091699;0.00970688;0.00997908;0.00997908;0.00970687;0.00916989;0.00838278;0.007367;0.00615028;0.00476579;0.0032513;0.00164813;0;
0;0.00163015;0.00321584;0.0047138;0.00608319;0.00728664;0.00829133;0.00906985;0.00960097;0.0098702;0.0098702;0.00960096;0.00906984;0.00829131;0.00728662;0.00608317;0.00471379;0.00321583;0.00163015;0;
0;0.00161237;0.00318075;0.00466237;0.00601682;0.00720713;0.00820086;0.00897089;0.00949622;0.00976251;0.00976251;0.00949621;0.00897088;0.00820085;0.00720712;0.0060168;0.00466236;0.00318074;0.00161236;0;
0;0.00159477;0.00314604;0.0046115;0.00595117;0.0071285;0.00811138;0.00887301;0.0093926;0.00965599;0.00965599;0.00939259;0.008873;0.00811137;0.00712848;0.00595115;0.00461149;0.00314603;0.00159477;0;
0;0.00157737;0.00311172;0.00456118;0.00588623;0.00705072;0.00802288;0.0087762;0.00929012;0.00955063;0.00955063;0.00929011;0.00877618;0.00802286;0.0070507;0.00588622;0.00456117;0.00311171;0.00157737;0;
0;0.00156016;0.00307777;0.00451142;0.00582201;0.00697379;0.00793534;0.00868044;0.00918876;0.00944643;0.00944643;0.00918875;0.00868043;0.00793533;0.00697377;0.00582199;0.0045114;0.00307776;0.00156016;0;
0;0.00154314;0.00304418;0.00446219;0.00575848;0.0068977;0.00784876;0.00858573;0.0090885;0.00934336;0.00934336;0.00908849;0.00858572;0.00784875;0.00689768;0.00575847;0.00446218;0.00304418;0.00154313;0;
0;0.0015263;0.00301097;0.00441351;0.00569565;0.00682244;0.00776312;0.00849205;0.00898933;0.00924141;0.00924141;0.00898933;0.00849204;0.00776311;0.00682242;0.00569564;0.00441349;0.00301096;0.0015263;0;
0;0.00150965;0.00297812;0.00436535;0.00563351;0.006748;0.00767842;0.00839939;0.00889125;0.00914058;0.00914058;0.00889124;0.00839938;0.00767841;0.00674798;0.00563349;0.00436534;0.00297811;0.00150964;0;
0;0.00149318;0.00294562;0.00431772;0.00557204;0.00667437;0.00759464;0.00830775;0.00879424;0.00904085;0.00904085;0.00879423;0.00830774;0.00759463;0.00667436;0.00557203;0.00431771;0.00294561;0.00149317;0;
0;0.00147688;0.00291348;0.00427061;0.00551124;0.00660155;0.00751177;0.0082171;0.00869829;0.0089422;0.0089422;0.00869828;0.00821709;0.00751176;0.00660153;0.00551123;0.0042706;0.00291348;0.00147688;0;
0;0.00146077;0.00288169;0.00422401;0.00545111;0.00652952;0.00742981;0.00812744;0.00860338;0.00884464;0.00884463;0.00860337;0.00812744;0.0074298;0.0065295;0.0054511;0.004224;0.00288169;0.00146077;0;
0;0.00144483;0.00285025;0.00417792;0.00539163;0.00645827;0.00734875;0.00803877;0.00850951;0.00874813;0.00874813;0.0085095;0.00803876;0.00734874;0.00645826;0.00539162;0.00417792;0.00285025;0.00144483;0;
0;0.00142907;0.00281915;0.00413234;0.00533281;0.00638781;0.00726856;0.00795105;0.00841666;0.00865268;0.00865268;0.00841666;0.00795105;0.00726856;0.0063878;0.0053328;0.00413233;0.00281915;0.00142906;0;
0;0.00141347;0.00278839;0.00408725;0.00527462;0.00631811;0.00718926;0.0078643;0.00832483;0.00855827;0.00855827;0.00832482;0.00786429;0.00718925;0.0063181;0.00527461;0.00408724;0.00278839;0.00141347;0;
0;0.00139805;0.00275797;0.00404266;0.00521707;0.00624917;0.00711082;0.00777849;0.00823399;0.00846489;0.00846489;0.00823399;0.00777849;0.00711081;0.00624916;0.00521706;0.00404265;0.00275796;0.00139805;0;
0;0.0013828;0.00272788;0.00399855;0.00516015;0.00618099;0.00703323;0.00769362;0.00814415;0.00837253;0.00837253;0.00814415;0.00769362;0.00703322;0.00618098;0.00516014;0.00399854;0.00272787;0.00138279;0;
0;0.00136771;0.00269811;0.00395492;0.00510384;0.00611355;0.00695649;0.00760968;0.00805529;0.00828118;0.00828118;0.00805529;0.00760967;0.00695648;0.00611354;0.00510383;0.00395491;0.00269811;0.00136771;0;
0;0.00135279;0.00266867;0.00391177;0.00504815;0.00604684;0.00688059;0.00752665;0.0079674;0.00819083;0.00819082;0.0079674;0.00752664;0.00688058;0.00604683;0.00504815;0.00391176;0.00266867;0.00135278;0;
0;0.00133803;0.00263956;0.00386908;0.00499307;0.00598087;0.00680551;0.00744453;0.00788047;0.00810146;0.00810145;0.00788047;0.00744452;0.00680551;0.00598086;0.00499307;0.00386908;0.00263955;0.00133802;0;
0;0.00132343;0.00261076;0.00382687;0.0049386;0.00591561;0.00673126;0.0073633;0.00779449;0.00801306;0.00801306;0.00779448;0.00736329;0.00673125;0.0059156;0.00493859;0.00382686;0.00261075;0.00132343;0;
0;0.00130899;0.00258227;0.00378511;0.00488471;0.00585106;0.00665782;0.00728296;0.00770944;0.00792563;0.00792563;0.00770944;0.00728295;0.00665781;0.00585106;0.0048847;0.00378511;0.00258227;0.00130899;0;
0;0.00129471;0.00255409;0.00374381;0.00483141;0.00578722;0.00658517;0.00720349;0.00762532;0.00783915;0.00783915;0.00762532;0.00720349;0.00658517;0.00578722;0.00483141;0.00374381;0.00255409;0.0012947;0;
0;0.00128058;0.00252623;0.00370297;0.0047787;0.00572408;0.00651332;0.0071249;0.00754212;0.00775362;0.00775362;0.00754212;0.00712489;0.00651331;0.00572407;0.00477869;0.00370296;0.00252622;0.00128058;0;
0;0.00126661;0.00249866;0.00366256;0.00472656;0.00566162;0.00644225;0.00704716;0.00745983;0.00766902;0.00766902;0.00745983;0.00704715;0.00644225;0.00566162;0.00472655;0.00366256;0.00249866;0.0012666;0;
0;0.00125279;0.0024714;0.0036226;0.00467499;0.00559985;0.00637196;0.00697027;0.00737844;0.00758535;0.00758534;0.00737844;0.00697026;0.00637196;0.00559984;0.00467498;0.0036226;0.0024714;0.00125278;0;
0;0.00123912;0.00244444;0.00358307;0.00462398;0.00553875;0.00630244;0.00689421;0.00729793;0.00750258;0.00750258;0.00729793;0.00689421;0.00630243;0.00553874;0.00462397;0.00358307;0.00244443;0.00123912;0;
0;0.0012256;0.00241776;0.00354398;0.00457353;0.00547832;0.00623367;0.00681899;0.00721831;0.00742072;0.00742072;0.0072183;0.00681899;0.00623367;0.00547831;0.00457352;0.00354398;0.00241776;0.0012256;0;
0;0.00121223;0.00239138;0.00350531;0.00452362;0.00541854;0.00616566;0.00674459;0.00713955;0.00733975;0.00733975;0.00713954;0.00674459;0.00616565;0.00541854;0.00452362;0.00350531;0.00239138;0.00121222;0;
0;0.001199;0.00236529;0.00346707;0.00447427;0.00535942;0.00609838;0.006671;0.00706165;0.00725967;0.00725967;0.00706164;0.006671;0.00609838;0.00535942;0.00447426;0.00346706;0.00236529;0.001199;0;
0;0.00118592;0.00233948;0.00342924;0.00442545;0.00530094;0.00603185;0.00659821;0.0069846;0.00718046;0.00718046;0.0069846;0.00659821;0.00603184;0.00530094;0.00442544;0.00342923;0.00233948;0.00118591;0;
0;0.00117298;0.00231396;0.00339182;0.00437716;0.00524311;0.00596603;0.00652622;0.00690839;0.00710212;0.00710211;0.00690839;0.00652622;0.00596603;0.0052431;0.00437716;0.00339182;0.00231395;0.00117298;0;
0;0.00116018;0.00228871;0.00335481;0.0043294;0.0051859;0.00590094;0.00645501;0.00683301;0.00702462;0.00702462;0.00683301;0.00645501;0.00590093;0.00518589;0.0043294;0.00335481;0.00228871;0.00116018;0;
0;0.00114752;0.00226374;0.00331821;0.00428216;0.00512932;0.00583655;0.00638458;0.00675846;0.00694798;0.00694798;0.00675846;0.00638458;0.00583655;0.00512931;0.00428216;0.0033182;0.00226374;0.00114752;0;
0;0.001135;0.00223904;0.003282;0.00423544;0.00507335;0.00577287;0.00631492;0.00668472;0.00687217;0.00687217;0.00668471;0.00631492;0.00577287;0.00507335;0.00423544;0.003282;0.00223904;0.001135;0;
0;0.00112262;0.00221461;0.00324619;0.00418923;0.00501799;0.00570988;0.00624602;0.00661178;0.00679719;0.00679719;0.00661178;0.00624602;0.00570988;0.00501799;0.00418923;0.00324619;0.00221461;0.00112261;0;
0;0.00111037;0.00219044;0.00321077;0.00414352;0.00496324;0.00564758;0.00617787;0.00653964;0.00672302;0.00672302;0.00653964;0.00617787;0.00564758;0.00496324;0.00414352;0.00321077;0.00219044;0.00111037;0;
0;0.00109825;0.00216655;0.00317574;0.00409831;0.00490909;0.00558596;0.00611046;0.00646828;0.00664967;0.00664967;0.00646828;0.00611046;0.00558596;0.00490909;0.00409831;0.00317574;0.00216654;0.00109825;0;
0;0.00108627;0.00214291;0.00314109;0.00405359;0.00485553;0.00552501;0.00604379;0.00639771;0.00657712;0.00657711;0.00639771;0.00604379;0.00552501;0.00485552;0.00405359;0.00314109;0.0021429;0.00108627;0;
0;0.00107442;0.00211952;0.00310682;0.00400937;0.00480255;0.00546473;0.00597785;0.0063279;0.00650535;0.00650535;0.0063279;0.00597784;0.00546473;0.00480254;0.00400936;0.00310682;0.00211952;0.00107441;0;
0;0.00106269;0.0020964;0.00307292;0.00396562;0.00475015;0.0054051;0.00591262;0.00625886;0.00643437;0.00643437;0.00625886;0.00591262;0.0054051;0.00475014;0.00396562;0.00307292;0.0020964;0.00106269;0;
0;0.0010511;0.00207352;0.00303939;0.00392235;0.00469832;0.00534613;0.00584811;0.00619057;0.00636417;0.00636417;0.00619057;0.00584811;0.00534613;0.00469832;0.00392235;0.00303939;0.00207352;0.0010511;0;
0;0.00103963;0.0020509;0.00300623;0.00387955;0.00464706;0.0052878;0.0057843;0.00612303;0.00629473;0.00629473;0.00612302;0.0057843;0.00528779;0.00464705;0.00387955;0.00300623;0.0020509;0.00103963;0;
0;0.00102829;0.00202852;0.00297343;0.00383722;0.00459635;0.0052301;0.00572119;0.00605622;0.00622605;0.00622605;0.00605622;0.00572119;0.0052301;0.00459635;0.00383722;0.00297343;0.00202852;0.00102829;0;
0;0.00101707;0.00200639;0.00294098;0.00379536;0.0045462;0.00517304;0.00565877;0.00599014;0.00615812;0.00615811;0.00599014;0.00565876;0.00517303;0.0045462;0.00379535;0.00294098;0.00200639;0.00101707;0;
0;0.00100597;0.0019845;0.0029089;0.00375395;0.0044966;0.00511659;0.00559702;0.00592478;0.00609092;0.00609092;0.00592478;0.00559702;0.00511659;0.0044966;0.00375394;0.00290889;0.0019845;0.00100597;0;
0;0.000994993;0.00196285;0.00287716;0.00371299;0.00444754;0.00506077;0.00553595;0.00586013;0.00602447;0.00602447;0.00586013;0.00553595;0.00506077;0.00444753;0.00371298;0.00287715;0.00196284;0.000994993;0;
0;0.000984137;0.00194143;0.00284576;0.00367247;0.00439901;0.00500555;0.00547555;0.0057962;0.00595873;0.00595873;0.00579619;0.00547555;0.00500555;0.00439901;0.00367247;0.00284576;0.00194143;0.000984136;0;
0;0.000973399;0.00192025;0.00281471;0.0036324;0.00435101;0.00495093;0.00541581;0.00573295;0.00589372;0.00589372;0.00573295;0.00541581;0.00495093;0.00435101;0.0036324;0.00281471;0.00192025;0.000973398;0;
0;0.000962778;0.00189929;0.002784;0.00359277;0.00430354;0.00489691;0.00535672;0.0056704;0.00582941;0.00582941;0.0056704;0.00535671;0.00489691;0.00430354;0.00359277;0.002784;0.00189929;0.000962778;0;
0;0.000952274;0.00187857;0.00275363;0.00355357;0.00425658;0.00484348;0.00529827;0.00560853;0.00576581;0.00576581;0.00560853;0.00529827;0.00484348;0.00425658;0.00355357;0.00275363;0.00187857;0.000952273;0;
0;0.000941883;0.00185807;0.00272358;0.0035148;0.00421014;0.00479064;0.00524046;0.00554734;0.0057029;0.0057029;0.00554734;0.00524046;0.00479064;0.00421014;0.0035148;0.00272358;0.00185807;0.000941883;0;
0;0.000931606;0.0018378;0.00269387;0.00347645;0.0041642;0.00473837;0.00518328;0.00548681;0.00564067;0.00564067;0.00548681;0.00518328;0.00473837;0.0041642;0.00347645;0.00269386;0.0018378;0.000931606;0;
0;0.000921442;0.00181775;0.00266447;0.00343852;0.00411877;0.00468667;0.00512673;0.00542694;0.00557913;0.00557913;0.00542694;0.00512673;0.00468667;0.00411876;0.00343851;0.00266447;0.00181775;0.000921441;0;
0;0.000911388;0.00179792;0.0026354;0.003401;0.00407383;0.00463553;0.00507079;0.00536773;0.00551825;0.00551825;0.00536773;0.00507079;0.00463553;0.00407382;0.003401;0.0026354;0.00179791;0.000911387;0;
0;0.000901444;0.0017783;0.00260665;0.00336389;0.00402938;0.00458495;0.00501546;0.00530916;0.00545804;0.00545804;0.00530916;0.00501546;0.00458495;0.00402938;0.00336389;0.00260664;0.0017783;0.000901443;0;
0;0.000891608;0.0017589;0.0025782;0.00332719;0.00398541;0.00453493;0.00496074;0.00525124;0.00539849;0.00539849;0.00525123;0.00496074;0.00453492;0.00398541;0.00332719;0.0025782;0.00175889;0.000891608;0;
0;0.00088188;0.0017397;0.00255007;0.00329088;0.00394193;0.00448545;0.00490661;0.00519394;0.00533959;0.00533959;0.00519394;0.00490661;0.00448544;0.00394193;0.00329088;0.00255007;0.0017397;0.000881879;0;
0;0.000872258;0.00172072;0.00252225;0.00325498;0.00389892;0.00443651;0.00485308;0.00513727;0.00528133;0.00528133;0.00513727;0.00485308;0.0044365;0.00389892;0.00325498;0.00252225;0.00172072;0.000872257;0;
0;0.000862741;0.00170195;0.00249473;0.00321946;0.00385638;0.0043881;0.00480013;0.00508122;0.00522371;0.0052237;0.00508122;0.00480012;0.0043881;0.00385638;0.00321946;0.00249473;0.00170195;0.00086274;0;
0;0.000853327;0.00168338;0.00246751;0.00318434;0.0038143;0.00434022;0.00474775;0.00502578;0.00516671;0.00516671;0.00502577;0.00474775;0.00434022;0.0038143;0.00318433;0.00246751;0.00168338;0.000853327;0;
0;0.000844017;0.00166501;0.00244059;0.00314959;0.00377268;0.00429286;0.00469595;0.00497094;0.00511034;0.00511034;0.00497094;0.00469595;0.00429286;0.00377268;0.00314959;0.00244059;0.00166501;0.000844016;0;
0;0.000834808;0.00164684;0.00241396;0.00311523;0.00373152;0.00424603;0.00464471;0.0049167;0.00505458;0.00505458;0.0049167;0.00464471;0.00424602;0.00373152;0.00311522;0.00241396;0.00164684;0.000834807;0;
0;0.000825699;0.00162888;0.00238762;0.00308124;0.0036908;0.0041997;0.00459403;0.00486306;0.00499943;0.00499943;0.00486306;0.00459403;0.0041997;0.0036908;0.00308123;0.00238762;0.00162887;0.000825699;0;
0;0.00081669;0.0016111;0.00236157;0.00304762;0.00365053;0.00415387;0.00454391;0.00481;0.00494488;0.00494488;0.00480999;0.00454391;0.00415387;0.00365053;0.00304762;0.00236157;0.0016111;0.000816689;0;
0;0.000807779;0.00159352;0.0023358;0.00301436;0.0036107;0.00410855;0.00449433;0.00475751;0.00489092;0.00489092;0.00475751;0.00449433;0.00410855;0.0036107;0.00301436;0.0023358;0.00159352;0.000807779;0;
0;0.000798965;0.00157614;0.00231032;0.00298147;0.00357131;0.00406372;0.00444529;0.0047056;0.00483756;0.00483756;0.0047056;0.00444529;0.00406372;0.00357131;0.00298147;0.00231031;0.00157614;0.000798965;0;
0;0.000790248;0.00155894;0.00228511;0.00294894;0.00353234;0.00401938;0.00439679;0.00465426;0.00478478;0.00478478;0.00465426;0.00439679;0.00401938;0.00353234;0.00294894;0.00228511;0.00155894;0.000790247;0;
0;0.000781625;0.00154193;0.00226017;0.00291677;0.0034938;0.00397553;0.00434882;0.00460348;0.00473257;0.00473257;0.00460348;0.00434882;0.00397553;0.0034938;0.00291677;0.00226017;0.00154193;0.000781625;0;
0;0.000773097;0.00152511;0.00223551;0.00288494;0.00345568;0.00393215;0.00430137;0.00455325;0.00468093;0.00468093;0.00455325;0.00430137;0.00393215;0.00345568;0.00288494;0.00223551;0.00152511;0.000773097;0;
0;0.000764662;0.00150847;0.00221112;0.00285347;0.00341797;0.00388925;0.00425443;0.00450357;0.00462986;0.00462986;0.00450357;0.00425443;0.00388925;0.00341797;0.00285347;0.00221112;0.00150847;0.000764662;0;
0;0.000756319;0.00149201;0.002187;0.00282233;0.00338068;0.00384681;0.00420801;0.00445443;0.00457934;0.00457934;0.00445443;0.00420801;0.00384681;0.00338068;0.00282233;0.002187;0.00149201;0.000756318;0;
0;0.000748067;0.00147573;0.00216313;0.00279154;0.00334379;0.00380484;0.0041621;0.00440583;0.00452938;0.00452938;0.00440583;0.0041621;0.00380484;0.00334379;0.00279154;0.00216313;0.00147573;0.000748066;0;
0;0.000739904;0.00145963;0.00213953;0.00276108;0.00330731;0.00376333;0.00411669;0.00435776;0.00447996;0.00447996;0.00435776;0.00411669;0.00376333;0.00330731;0.00276108;0.00213953;0.00145963;0.000739904;0;
0;0.000731831;0.0014437;0.00211619;0.00273095;0.00327122;0.00372226;0.00407177;0.00431021;0.00443108;0.00443108;0.00431021;0.00407177;0.00372226;0.00327122;0.00273095;0.00211619;0.0014437;0.000731831;0;
0;0.000723846;0.00142795;0.0020931;0.00270116;0.00323553;0.00368165;0.00402734;0.00426318;0.00438273;0.00438273;0.00426318;0.00402734;0.00368165;0.00323553;0.00270116;0.0020931;0.00142795;0.000723846;0;
0;0.000715949;0.00141237;0.00207026;0.00267168;0.00320023;0.00364148;0.0039834;0.00421667;0.00433491;0.00433491;0.00421667;0.0039834;0.00364148;0.00320023;0.00267168;0.00207026;0.00141237;0.000715948;0;
0;0.000708137;0.00139696;0.00204767;0.00264253;0.00316531;0.00360175;0.00393994;0.00417066;0.00428761;0.00428761;0.00417066;0.00393994;0.00360175;0.00316531;0.00264253;0.00204767;0.00139696;0.000708137;0;
0;0.00070041;0.00138172;0.00202533;0.0026137;0.00313077;0.00356245;0.00389695;0.00412515;0.00424083;0.00424083;0.00412515;0.00389695;0.00356245;0.00313077;0.0026137;0.00202533;0.00138171;0.00070041;0;
0;0.000692768;0.00136664;0.00200323;0.00258518;0.00309662;0.00352358;0.00385443;0.00408014;0.00419456;0.00419456;0.00408014;0.00385443;0.00352358;0.00309661;0.00258518;0.00200323;0.00136664;0.000692768;0;
0;0.000685209;0.00135173;0.00198138;0.00255698;0.00306283;0.00348513;0.00381238;0.00403563;0.00414879;0.00414879;0.00403563;0.00381238;0.00348513;0.00306283;0.00255697;0.00198137;0.00135173;0.000685209;0;
0;0.000677733;0.00133698;0.00195976;0.00252908;0.00302941;0.00344711;0.00377078;0.00399159;0.00410353;0.00410353;0.00399159;0.00377078;0.00344711;0.00302941;0.00252908;0.00195976;0.00133698;0.000677733;0;
0;0.000670338;0.00132239;0.00193837;0.00250148;0.00299636;0.0034095;0.00372964;0.00394804;0.00405875;0.00405875;0.00394804;0.00372964;0.0034095;0.00299636;0.00250148;0.00193837;0.00132239;0.000670338;0;
0;0.000663024;0.00130796;0.00191722;0.00247419;0.00296366;0.0033723;0.00368894;0.00390496;0.00401447;0.00401447;0.00390496;0.00368894;0.0033723;0.00296366;0.00247419;0.00191722;0.00130796;0.000663024;0;
0;0.00065579;0.00129369;0.00189631;0.00244719;0.00293133;0.0033355;0.00364869;0.00386236;0.00397067;0.00397067;0.00386236;0.00364869;0.0033355;0.00293133;0.00244719;0.00189631;0.00129369;0.00065579;0;
