0;0.683277;1.29655;1.60557;1.49229;1;0.316723;-0.296548;-0.605565;0;
0;0.683242;1.2964;1.60535;1.4921;0.999905;0.316758;-0.296396;-0.605108;0;
0;0.683207;1.29624;1.60514;1.49191;0.999809;0.316793;-0.296244;-0.604651;0;
0;0.683172;1.29609;1.60493;1.49173;0.999714;0.316828;-0.296091;-0.604194;0;
0;0.683136;1.29594;1.60472;1.49154;0.999618;0.316863;-0.295939;-0.603738;0;
0;0.683101;1.29579;1.60451;1.49135;0.999523;0.316898;-0.295786;-0.603282;0;
0;0.683066;1.29564;1.6043;1.49116;0.999427;0.316933;-0.295634;-0.602827;0;
0;0.683031;1.29548;1.60409;1.49097;0.999332;0.316968;-0.295481;-0.602372;0;
0;0.682996;1.29533;1.60388;1.49078;0.999237;0.317003;-0.295328;-0.601917;0;
0;0.68296;1.29518;1.60367;1.49059;0.999141;0.317038;-0.295176;-0.601463;0;
0;0.682925;1.29503;1.60346;1.4904;0.999046;0.317073;-0.295023;-0.601009;0;
0;0.682889;1.29488;1.60324;1.49021;0.998951;0.317108;-0.294869;-0.600556;0;
0;0.682854;1.29472;1.60303;1.49002;0.998855;0.317143;-0.294716;-0.600103;0;
0;0.682819;1.29457;1.60282;1.48983;0.99876;0.317178;-0.294563;-0.59965;0;
0;0.682783;1.29442;1.60261;1.48964;0.998665;0.317213;-0.29441;-0.599197;0;
0;0.682747;1.29427;1.6024;1.48945;0.99857;0.317248;-0.294256;-0.598745;0;
0;0.682712;1.29412;1.60219;1.48927;0.998474;0.317283;-0.294103;-0.598294;0;
0;0.682676;1.29397;1.60198;1.48908;0.998379;0.317317;-0.293949;-0.597843;0;
0;0.68264;1.29381;1.60177;1.48889;0.998284;0.317352;-0.293796;-0.597392;0;
0;0.682605;1.29366;1.60156;1.4887;0.998189;0.317387;-0.293642;-0.596941;0;
0;0.682569;1.29351;1.60135;1.48851;0.998094;0.317422;-0.293488;-0.596491;0;
0;0.682533;1.29336;1.60114;1.48832;0.997999;0.317457;-0.293334;-0.596041;0;
0;0.682497;1.29321;1.60093;1.48813;0.997903;0.317492;-0.29318;-0.595592;0;
0;0.682461;1.29306;1.60072;1.48794;0.997808;0.317527;-0.293026;-0.595143;0;
0;0.682425;1.2929;1.60051;1.48776;0.997713;0.317562;-0.292872;-0.594694;0;
0;0.682389;1.29275;1.6003;1.48757;0.997618;0.317596;-0.292717;-0.594246;0;
0;0.682353;1.2926;1.60009;1.48738;0.997523;0.317631;-0.292563;-0.593798;0;
0;0.682317;1.29245;1.59988;1.48719;0.997428;0.317666;-0.292408;-0.593351;0;
0;0.682281;1.2923;1.59967;1.487;0.997333;0.317701;-0.292254;-0.592904;0;
0;0.682245;1.29215;1.59946;1.48681;0.997238;0.317736;-0.292099;-0.592457;0;
0;0.682209;1.292;1.59925;1.48662;0.997143;0.317771;-0.291944;-0.59201;0;
0;0.682173;1.29185;1.59904;1.48644;0.997048;0.317805;-0.29179;-0.591564;0;
0;0.682137;1.29169;1.59883;1.48625;0.996953;0.31784;-0.291635;-0.591119;0;
0;0.6821;1.29154;1.59862;1.48606;0.996858;0.317875;-0.29148;-0.590673;0;
0;0.682064;1.29139;1.59841;1.48587;0.996764;0.31791;-0.291325;-0.590228;0;
0;0.682028;1.29124;1.5982;1.48568;0.996669;0.317945;-0.291169;-0.589784;0;
0;0.681991;1.29109;1.59799;1.48549;0.996574;0.31798;-0.291014;-0.58934;0;
0;0.681955;1.29094;1.59778;1.48531;0.996479;0.318014;-0.290859;-0.588896;0;
0;0.681918;1.29079;1.59757;1.48512;0.996384;0.318049;-0.290703;-0.588452;0;
0;0.681882;1.29064;1.59736;1.48493;0.996289;0.318084;-0.290548;-0.588009;0;
0;0.681845;1.29049;1.59715;1.48474;0.996195;0.318119;-0.290392;-0.587567;0;
0;0.681809;1.29033;1.59694;1.48455;0.9961;0.318154;-0.290237;-0.587124;0;
0;0.681772;1.29018;1.59673;1.48437;0.996005;0.318188;-0.290081;-0.586682;0;
0;0.681735;1.29003;1.59652;1.48418;0.99591;0.318223;-0.289925;-0.586241;0;
0;0.681699;1.28988;1.59631;1.48399;0.995816;0.318258;-0.289769;-0.585799;0;
0;0.681662;1.28973;1.5961;1.4838;0.995721;0.318293;-0.289613;-0.585358;0;
0;0.681625;1.28958;1.59589;1.48361;0.995626;0.318327;-0.289457;-0.584918;0;
0;0.681588;1.28943;1.59568;1.48343;0.995532;0.318362;-0.289301;-0.584478;0;
0;0.681551;1.28928;1.59548;1.48324;0.995437;0.318397;-0.289145;-0.584038;0;
0;0.681514;1.28913;1.59527;1.48305;0.995342;0.318432;-0.288988;-0.583598;0;
0;0.681477;1.28898;1.59506;1.48286;0.995248;0.318466;-0.288832;-0.583159;0;
0;0.68144;1.28883;1.59485;1.48267;0.995153;0.318501;-0.288676;-0.58272;0;
0;0.681403;1.28868;1.59464;1.48249;0.995059;0.318536;-0.288519;-0.582282;0;
0;0.681366;1.28852;1.59443;1.4823;0.994964;0.318571;-0.288362;-0.581844;0;
0;0.681329;1.28837;1.59422;1.48211;0.994869;0.318605;-0.288206;-0.581406;0;
0;0.681292;1.28822;1.59401;1.48192;0.994775;0.31864;-0.288049;-0.580969;0;
0;0.681255;1.28807;1.5938;1.48174;0.99468;0.318675;-0.287892;-0.580532;0;
0;0.681218;1.28792;1.59359;1.48155;0.994586;0.318709;-0.287735;-0.580096;0;
0;0.68118;1.28777;1.59339;1.48136;0.994492;0.318744;-0.287578;-0.579659;0;
0;0.681143;1.28762;1.59318;1.48117;0.994397;0.318779;-0.287421;-0.579223;0;
0;0.681106;1.28747;1.59297;1.48099;0.994303;0.318814;-0.287264;-0.578788;0;
0;0.681068;1.28732;1.59276;1.4808;0.994208;0.318848;-0.287106;-0.578353;0;
0;0.681031;1.28717;1.59255;1.48061;0.994114;0.318883;-0.286949;-0.577918;0;
0;0.680994;1.28702;1.59234;1.48042;0.99402;0.318918;-0.286792;-0.577484;0;
0;0.680956;1.28687;1.59213;1.48024;0.993925;0.318952;-0.286634;-0.577049;0;
0;0.680919;1.28672;1.59192;1.48005;0.993831;0.318987;-0.286476;-0.576616;0;
0;0.680881;1.28657;1.59172;1.47986;0.993737;0.319022;-0.286319;-0.576182;0;
0;0.680843;1.28642;1.59151;1.47968;0.993642;0.319057;-0.286161;-0.575749;0;
0;0.680806;1.28627;1.5913;1.47949;0.993548;0.319091;-0.286003;-0.575317;0;
0;0.680768;1.28612;1.59109;1.4793;0.993454;0.319126;-0.285845;-0.574884;0;
0;0.68073;1.28597;1.59088;1.47911;0.993359;0.319161;-0.285687;-0.574452;0;
0;0.680693;1.28582;1.59067;1.47893;0.993265;0.319195;-0.285529;-0.574021;0;
0;0.680655;1.28567;1.59047;1.47874;0.993171;0.31923;-0.285371;-0.57359;0;
0;0.680617;1.28552;1.59026;1.47855;0.993077;0.319265;-0.285213;-0.573159;0;
0;0.680579;1.28537;1.59005;1.47837;0.992983;0.319299;-0.285055;-0.572728;0;
0;0.680541;1.28522;1.58984;1.47818;0.992889;0.319334;-0.284896;-0.572298;0;
0;0.680503;1.28507;1.58963;1.47799;0.992794;0.319369;-0.284738;-0.571868;0;
0;0.680465;1.28492;1.58942;1.47781;0.9927;0.319403;-0.284579;-0.571439;0;
0;0.680427;1.28477;1.58922;1.47762;0.992606;0.319438;-0.284421;-0.571009;0;
0;0.680389;1.28462;1.58901;1.47743;0.992512;0.319473;-0.284262;-0.570581;0;
0;0.680351;1.28447;1.5888;1.47725;0.992418;0.319507;-0.284104;-0.570152;0;
0;0.680313;1.28432;1.58859;1.47706;0.992324;0.319542;-0.283945;-0.569724;0;
0;0.680275;1.28417;1.58838;1.47687;0.99223;0.319576;-0.283786;-0.569296;0;
0;0.680237;1.28402;1.58818;1.47669;0.992136;0.319611;-0.283627;-0.568869;0;
0;0.680199;1.28387;1.58797;1.4765;0.992042;0.319646;-0.283468;-0.568442;0;
0;0.68016;1.28372;1.58776;1.47631;0.991948;0.31968;-0.283309;-0.568015;0;
0;0.680122;1.28357;1.58755;1.47613;0.991854;0.319715;-0.28315;-0.567589;0;
0;0.680084;1.28342;1.58735;1.47594;0.99176;0.31975;-0.282991;-0.567163;0;
0;0.680045;1.28327;1.58714;1.47575;0.991666;0.319784;-0.282831;-0.566737;0;
0;0.680007;1.28312;1.58693;1.47557;0.991572;0.319819;-0.282672;-0.566312;0;
0;0.679968;1.28297;1.58672;1.47538;0.991478;0.319854;-0.282513;-0.565887;0;
0;0.67993;1.28282;1.58652;1.4752;0.991385;0.319888;-0.282353;-0.565462;0;
0;0.679891;1.28267;1.58631;1.47501;0.991291;0.319923;-0.282193;-0.565038;0;
0;0.679853;1.28252;1.5861;1.47482;0.991197;0.319957;-0.282034;-0.564614;0;
0;0.679814;1.28237;1.58589;1.47464;0.991103;0.319992;-0.281874;-0.56419;0;
0;0.679776;1.28222;1.58569;1.47445;0.991009;0.320027;-0.281714;-0.563767;0;
0;0.679737;1.28207;1.58548;1.47426;0.990916;0.320061;-0.281555;-0.563344;0;
0;0.679698;1.28192;1.58527;1.47408;0.990822;0.320096;-0.281395;-0.562922;0;
0;0.67966;1.28177;1.58506;1.47389;0.990728;0.320131;-0.281235;-0.562499;0;
0;0.679621;1.28162;1.58486;1.47371;0.990634;0.320165;-0.281075;-0.562077;0;
0;0.679582;1.28147;1.58465;1.47352;0.990541;0.3202;-0.280914;-0.561656;0;
0;0.679543;1.28133;1.58444;1.47333;0.990447;0.320234;-0.280754;-0.561235;0;
0;0.679504;1.28118;1.58423;1.47315;0.990353;0.320269;-0.280594;-0.560814;0;
0;0.679465;1.28103;1.58403;1.47296;0.99026;0.320304;-0.280434;-0.560393;0;
0;0.679426;1.28088;1.58382;1.47278;0.990166;0.320338;-0.280273;-0.559973;0;
0;0.679387;1.28073;1.58361;1.47259;0.990072;0.320373;-0.280113;-0.559553;0;
0;0.679348;1.28058;1.58341;1.47241;0.989979;0.320407;-0.279952;-0.559134;0;
0;0.679309;1.28043;1.5832;1.47222;0.989885;0.320442;-0.279792;-0.558715;0;
0;0.67927;1.28028;1.58299;1.47203;0.989792;0.320477;-0.279631;-0.558296;0;
0;0.679231;1.28013;1.58279;1.47185;0.989698;0.320511;-0.27947;-0.557877;0;
0;0.679192;1.27998;1.58258;1.47166;0.989605;0.320546;-0.27931;-0.557459;0;
0;0.679153;1.27983;1.58237;1.47148;0.989511;0.32058;-0.279149;-0.557041;0;
0;0.679113;1.27968;1.58217;1.47129;0.989418;0.320615;-0.278988;-0.556624;0;
0;0.679074;1.27953;1.58196;1.47111;0.989324;0.32065;-0.278827;-0.556207;0;
0;0.679035;1.27939;1.58175;1.47092;0.989231;0.320684;-0.278666;-0.55579;0;
0;0.678996;1.27924;1.58155;1.47074;0.989137;0.320719;-0.278505;-0.555374;0;
0;0.678956;1.27909;1.58134;1.47055;0.989044;0.320753;-0.278343;-0.554957;0;
0;0.678917;1.27894;1.58113;1.47036;0.988951;0.320788;-0.278182;-0.554542;0;
0;0.678877;1.27879;1.58093;1.47018;0.988857;0.320823;-0.278021;-0.554126;0;
0;0.678838;1.27864;1.58072;1.46999;0.988764;0.320857;-0.27786;-0.553711;0;
0;0.678798;1.27849;1.58051;1.46981;0.98867;0.320892;-0.277698;-0.553296;0;
0;0.678759;1.27834;1.58031;1.46962;0.988577;0.320926;-0.277537;-0.552882;0;
0;0.678719;1.27819;1.5801;1.46944;0.988484;0.320961;-0.277375;-0.552468;0;
0;0.67868;1.27805;1.57989;1.46925;0.988391;0.320996;-0.277213;-0.552054;0;
0;0.67864;1.2779;1.57969;1.46907;0.988297;0.32103;-0.277052;-0.551641;0;
0;0.6786;1.27775;1.57948;1.46888;0.988204;0.321065;-0.27689;-0.551227;0;
0;0.67856;1.2776;1.57928;1.4687;0.988111;0.321099;-0.276728;-0.550815;0;
0;0.678521;1.27745;1.57907;1.46851;0.988018;0.321134;-0.276566;-0.550402;0;
0;0.678481;1.2773;1.57886;1.46833;0.987924;0.321169;-0.276404;-0.54999;0;
0;0.678441;1.27715;1.57866;1.46814;0.987831;0.321203;-0.276242;-0.549578;0;
0;0.678401;1.27701;1.57845;1.46796;0.987738;0.321238;-0.27608;-0.549167;0;
0;0.678361;1.27686;1.57825;1.46777;0.987645;0.321272;-0.275918;-0.548756;0;
0;0.678321;1.27671;1.57804;1.46759;0.987552;0.321307;-0.275756;-0.548345;0;
0;0.678281;1.27656;1.57783;1.4674;0.987459;0.321342;-0.275594;-0.547934;0;
0;0.678241;1.27641;1.57763;1.46722;0.987366;0.321376;-0.275432;-0.547524;0;
0;0.678201;1.27626;1.57742;1.46703;0.987273;0.321411;-0.275269;-0.547114;0;
0;0.678161;1.27611;1.57722;1.46685;0.98718;0.321445;-0.275107;-0.546705;0;
0;0.678121;1.27597;1.57701;1.46667;0.987086;0.32148;-0.274944;-0.546296;0;
0;0.678081;1.27582;1.5768;1.46648;0.986993;0.321515;-0.274782;-0.545887;0;
0;0.678041;1.27567;1.5766;1.4663;0.9869;0.321549;-0.274619;-0.545479;0;
0;0.678001;1.27552;1.57639;1.46611;0.986808;0.321584;-0.274456;-0.54507;0;
0;0.67796;1.27537;1.57619;1.46593;0.986715;0.321618;-0.274294;-0.544663;0;
0;0.67792;1.27522;1.57598;1.46574;0.986622;0.321653;-0.274131;-0.544255;0;
0;0.67788;1.27508;1.57578;1.46556;0.986529;0.321687;-0.273968;-0.543848;0;
0;0.67784;1.27493;1.57557;1.46537;0.986436;0.321722;-0.273805;-0.543441;0;
0;0.677799;1.27478;1.57537;1.46519;0.986343;0.321757;-0.273642;-0.543034;0;
0;0.677759;1.27463;1.57516;1.465;0.98625;0.321791;-0.273479;-0.542628;0;
0;0.677718;1.27448;1.57496;1.46482;0.986157;0.321826;-0.273316;-0.542222;0;
0;0.677678;1.27433;1.57475;1.46464;0.986064;0.32186;-0.273153;-0.541817;0;
0;0.677637;1.27419;1.57454;1.46445;0.985972;0.321895;-0.27299;-0.541412;0;
0;0.677597;1.27404;1.57434;1.46427;0.985879;0.32193;-0.272827;-0.541007;0;
0;0.677556;1.27389;1.57413;1.46408;0.985786;0.321964;-0.272663;-0.540602;0;
0;0.677516;1.27374;1.57393;1.4639;0.985693;0.321999;-0.2725;-0.540198;0;
0;0.677475;1.27359;1.57372;1.46372;0.9856;0.322033;-0.272337;-0.539794;0;
0;0.677434;1.27345;1.57352;1.46353;0.985508;0.322068;-0.272173;-0.53939;0;
0;0.677394;1.2733;1.57331;1.46335;0.985415;0.322103;-0.27201;-0.538987;0;
0;0.677353;1.27315;1.57311;1.46316;0.985322;0.322137;-0.271846;-0.538584;0;
0;0.677312;1.273;1.5729;1.46298;0.98523;0.322172;-0.271683;-0.538181;0;
0;0.677271;1.27285;1.5727;1.4628;0.985137;0.322206;-0.271519;-0.537779;0;
0;0.67723;1.27271;1.57249;1.46261;0.985044;0.322241;-0.271355;-0.537377;0;
0;0.677189;1.27256;1.57229;1.46243;0.984952;0.322276;-0.271191;-0.536975;0;
0;0.677149;1.27241;1.57208;1.46224;0.984859;0.32231;-0.271028;-0.536574;0;
0;0.677108;1.27226;1.57188;1.46206;0.984767;0.322345;-0.270864;-0.536173;0;
0;0.677067;1.27212;1.57168;1.46188;0.984674;0.322379;-0.2707;-0.535772;0;
0;0.677026;1.27197;1.57147;1.46169;0.984581;0.322414;-0.270536;-0.535372;0;
0;0.676985;1.27182;1.57127;1.46151;0.984489;0.322449;-0.270372;-0.534971;0;
0;0.676944;1.27167;1.57106;1.46133;0.984396;0.322483;-0.270208;-0.534572;0;
0;0.676902;1.27152;1.57086;1.46114;0.984304;0.322518;-0.270043;-0.534172;0;
0;0.676861;1.27138;1.57065;1.46096;0.984211;0.322552;-0.269879;-0.533773;0;
0;0.67682;1.27123;1.57045;1.46077;0.984119;0.322587;-0.269715;-0.533374;0;
0;0.676779;1.27108;1.57024;1.46059;0.984027;0.322622;-0.269551;-0.532976;0;
0;0.676738;1.27093;1.57004;1.46041;0.983934;0.322656;-0.269386;-0.532578;0;
0;0.676696;1.27079;1.56983;1.46022;0.983842;0.322691;-0.269222;-0.53218;0;
0;0.676655;1.27064;1.56963;1.46004;0.983749;0.322726;-0.269057;-0.531782;0;
0;0.676614;1.27049;1.56943;1.45986;0.983657;0.32276;-0.268893;-0.531385;0;
0;0.676572;1.27034;1.56922;1.45967;0.983565;0.322795;-0.268728;-0.530988;0;
0;0.676531;1.2702;1.56902;1.45949;0.983472;0.322829;-0.268564;-0.530591;0;
0;0.67649;1.27005;1.56881;1.45931;0.98338;0.322864;-0.268399;-0.530195;0;
0;0.676448;1.2699;1.56861;1.45912;0.983288;0.322899;-0.268234;-0.529799;0;
0;0.676407;1.26975;1.56841;1.45894;0.983195;0.322933;-0.268069;-0.529403;0;
0;0.676365;1.26961;1.5682;1.45876;0.983103;0.322968;-0.267904;-0.529008;0;
0;0.676324;1.26946;1.568;1.45858;0.983011;0.323003;-0.26774;-0.528613;0;
0;0.676282;1.26931;1.56779;1.45839;0.982919;0.323037;-0.267575;-0.528218;0;
0;0.67624;1.26917;1.56759;1.45821;0.982826;0.323072;-0.26741;-0.527824;0;
0;0.676199;1.26902;1.56739;1.45803;0.982734;0.323106;-0.267245;-0.52743;0;
0;0.676157;1.26887;1.56718;1.45784;0.982642;0.323141;-0.26708;-0.527036;0;
0;0.676115;1.26872;1.56698;1.45766;0.98255;0.323176;-0.266914;-0.526642;0;
0;0.676073;1.26858;1.56677;1.45748;0.982458;0.32321;-0.266749;-0.526249;0;
0;0.676032;1.26843;1.56657;1.45729;0.982366;0.323245;-0.266584;-0.525856;0;
0;0.67599;1.26828;1.56637;1.45711;0.982274;0.32328;-0.266419;-0.525464;0;
0;0.675948;1.26814;1.56616;1.45693;0.982182;0.323314;-0.266253;-0.525071;0;
0;0.675906;1.26799;1.56596;1.45675;0.982089;0.323349;-0.266088;-0.524679;0;
0;0.675864;1.26784;1.56576;1.45656;0.981997;0.323384;-0.265923;-0.524288;0;
0;0.675822;1.26769;1.56555;1.45638;0.981905;0.323418;-0.265757;-0.523896;0;
0;0.67578;1.26755;1.56535;1.4562;0.981813;0.323453;-0.265592;-0.523505;0;
0;0.675738;1.2674;1.56514;1.45602;0.981721;0.323488;-0.265426;-0.523115;0;
0;0.675696;1.26725;1.56494;1.45583;0.981629;0.323522;-0.26526;-0.522724;0;
0;0.675654;1.26711;1.56474;1.45565;0.981538;0.323557;-0.265095;-0.522334;0;
0;0.675612;1.26696;1.56453;1.45547;0.981446;0.323592;-0.264929;-0.521944;0;
0;0.67557;1.26681;1.56433;1.45529;0.981354;0.323626;-0.264763;-0.521555;0;
0;0.675528;1.26667;1.56413;1.4551;0.981262;0.323661;-0.264598;-0.521166;0;
0;0.675486;1.26652;1.56392;1.45492;0.98117;0.323696;-0.264432;-0.520777;0;
0;0.675443;1.26637;1.56372;1.45474;0.981078;0.32373;-0.264266;-0.520388;0;
0;0.675401;1.26622;1.56352;1.45456;0.980986;0.323765;-0.2641;-0.52;0;
0;0.675359;1.26608;1.56332;1.45437;0.980894;0.3238;-0.263934;-0.519612;0;
0;0.675317;1.26593;1.56311;1.45419;0.980803;0.323834;-0.263768;-0.519225;0;
0;0.675274;1.26578;1.56291;1.45401;0.980711;0.323869;-0.263602;-0.518837;0;
0;0.675232;1.26564;1.56271;1.45383;0.980619;0.323904;-0.263436;-0.51845;0;
0;0.675189;1.26549;1.5625;1.45364;0.980527;0.323938;-0.263269;-0.518063;0;
0;0.675147;1.26534;1.5623;1.45346;0.980435;0.323973;-0.263103;-0.517677;0;
0;0.675104;1.2652;1.5621;1.45328;0.980344;0.324008;-0.262937;-0.517291;0;
0;0.675062;1.26505;1.56189;1.4531;0.980252;0.324042;-0.262771;-0.516905;0;
0;0.675019;1.2649;1.56169;1.45292;0.98016;0.324077;-0.262604;-0.516519;0;
0;0.674977;1.26476;1.56149;1.45273;0.980069;0.324112;-0.262438;-0.516134;0;
0;0.674934;1.26461;1.56129;1.45255;0.979977;0.324147;-0.262272;-0.515749;0;
0;0.674892;1.26447;1.56108;1.45237;0.979885;0.324181;-0.262105;-0.515365;0;
0;0.674849;1.26432;1.56088;1.45219;0.979794;0.324216;-0.261939;-0.51498;0;
0;0.674806;1.26417;1.56068;1.45201;0.979702;0.324251;-0.261772;-0.514596;0;
0;0.674764;1.26403;1.56048;1.45182;0.979611;0.324285;-0.261605;-0.514213;0;
0;0.674721;1.26388;1.56027;1.45164;0.979519;0.32432;-0.261439;-0.513829;0;
0;0.674678;1.26373;1.56007;1.45146;0.979428;0.324355;-0.261272;-0.513446;0;
0;0.674635;1.26359;1.55987;1.45128;0.979336;0.32439;-0.261105;-0.513063;0;
0;0.674592;1.26344;1.55967;1.4511;0.979245;0.324424;-0.260939;-0.512681;0;
0;0.674549;1.26329;1.55946;1.45092;0.979153;0.324459;-0.260772;-0.512299;0;
0;0.674507;1.26315;1.55926;1.45073;0.979062;0.324494;-0.260605;-0.511917;0;
0;0.674464;1.263;1.55906;1.45055;0.97897;0.324528;-0.260438;-0.511535;0;
0;0.674421;1.26286;1.55886;1.45037;0.978879;0.324563;-0.260271;-0.511154;0;
0;0.674378;1.26271;1.55865;1.45019;0.978787;0.324598;-0.260104;-0.510773;0;
0;0.674335;1.26256;1.55845;1.45001;0.978696;0.324633;-0.259937;-0.510392;0;
0;0.674292;1.26242;1.55825;1.44983;0.978605;0.324667;-0.25977;-0.510012;0;
0;0.674249;1.26227;1.55805;1.44965;0.978513;0.324702;-0.259603;-0.509632;0;
0;0.674205;1.26212;1.55785;1.44946;0.978422;0.324737;-0.259436;-0.509252;0;
0;0.674162;1.26198;1.55764;1.44928;0.978331;0.324772;-0.259269;-0.508872;0;
0;0.674119;1.26183;1.55744;1.4491;0.978239;0.324806;-0.259101;-0.508493;0;
0;0.674076;1.26169;1.55724;1.44892;0.978148;0.324841;-0.258934;-0.508114;0;
0;0.674033;1.26154;1.55704;1.44874;0.978057;0.324876;-0.258767;-0.507735;0;
0;0.673989;1.26139;1.55684;1.44856;0.977965;0.324911;-0.2586;-0.507357;0;
0;0.673946;1.26125;1.55663;1.44838;0.977874;0.324946;-0.258432;-0.506979;0;
0;0.673903;1.2611;1.55643;1.4482;0.977783;0.32498;-0.258265;-0.506601;0;
0;0.673859;1.26096;1.55623;1.44801;0.977692;0.325015;-0.258097;-0.506224;0;
0;0.673816;1.26081;1.55603;1.44783;0.977601;0.32505;-0.25793;-0.505847;0;
0;0.673773;1.26066;1.55583;1.44765;0.977509;0.325085;-0.257762;-0.50547;0;
0;0.673729;1.26052;1.55562;1.44747;0.977418;0.325119;-0.257595;-0.505093;0;
0;0.673686;1.26037;1.55542;1.44729;0.977327;0.325154;-0.257427;-0.504717;0;
0;0.673642;1.26023;1.55522;1.44711;0.977236;0.325189;-0.257259;-0.504341;0;
0;0.673599;1.26008;1.55502;1.44693;0.977145;0.325224;-0.257092;-0.503965;0;
0;0.673555;1.25994;1.55482;1.44675;0.977054;0.325259;-0.256924;-0.50359;0;
0;0.673512;1.25979;1.55462;1.44657;0.976963;0.325293;-0.256756;-0.503214;0;
0;0.673468;1.25964;1.55442;1.44639;0.976872;0.325328;-0.256589;-0.50284;0;
0;0.673424;1.2595;1.55421;1.44621;0.976781;0.325363;-0.256421;-0.502465;0;
0;0.673381;1.25935;1.55401;1.44602;0.97669;0.325398;-0.256253;-0.502091;0;
0;0.673337;1.25921;1.55381;1.44584;0.976599;0.325433;-0.256085;-0.501717;0;
0;0.673293;1.25906;1.55361;1.44566;0.976508;0.325468;-0.255917;-0.501343;0;
0;0.673249;1.25892;1.55341;1.44548;0.976417;0.325502;-0.255749;-0.50097;0;
0;0.673206;1.25877;1.55321;1.4453;0.976326;0.325537;-0.255581;-0.500597;0;
0;0.673162;1.25862;1.55301;1.44512;0.976235;0.325572;-0.255413;-0.500224;0;
0;0.673118;1.25848;1.55281;1.44494;0.976144;0.325607;-0.255245;-0.499851;0;
0;0.673074;1.25833;1.5526;1.44476;0.976053;0.325642;-0.255077;-0.499479;0;
0;0.67303;1.25819;1.5524;1.44458;0.975963;0.325677;-0.254909;-0.499107;0;
0;0.672986;1.25804;1.5522;1.4444;0.975872;0.325711;-0.25474;-0.498736;0;
0;0.672942;1.2579;1.552;1.44422;0.975781;0.325746;-0.254572;-0.498364;0;
0;0.672898;1.25775;1.5518;1.44404;0.97569;0.325781;-0.254404;-0.497993;0;
0;0.672854;1.25761;1.5516;1.44386;0.975599;0.325816;-0.254236;-0.497622;0;
0;0.67281;1.25746;1.5514;1.44368;0.975509;0.325851;-0.254067;-0.497252;0;
0;0.672766;1.25732;1.5512;1.4435;0.975418;0.325886;-0.253899;-0.496882;0;
0;0.672722;1.25717;1.551;1.44332;0.975327;0.325921;-0.25373;-0.496512;0;
0;0.672678;1.25702;1.5508;1.44314;0.975236;0.325955;-0.253562;-0.496142;0;
0;0.672634;1.25688;1.5506;1.44296;0.975146;0.32599;-0.253394;-0.495773;0;
0;0.67259;1.25673;1.55039;1.44278;0.975055;0.326025;-0.253225;-0.495404;0;
0;0.672545;1.25659;1.55019;1.4426;0.974964;0.32606;-0.253057;-0.495035;0;
0;0.672501;1.25644;1.54999;1.44242;0.974874;0.326095;-0.252888;-0.494666;0;
0;0.672457;1.2563;1.54979;1.44224;0.974783;0.32613;-0.252719;-0.494298;0;
0;0.672412;1.25615;1.54959;1.44206;0.974692;0.326165;-0.252551;-0.49393;0;
0;0.672368;1.25601;1.54939;1.44188;0.974602;0.3262;-0.252382;-0.493563;0;
0;0.672324;1.25586;1.54919;1.4417;0.974511;0.326235;-0.252213;-0.493195;0;
0;0.672279;1.25572;1.54899;1.44152;0.974421;0.32627;-0.252045;-0.492828;0;
0;0.672235;1.25557;1.54879;1.44134;0.97433;0.326304;-0.251876;-0.492461;0;
0;0.672191;1.25543;1.54859;1.44116;0.97424;0.326339;-0.251707;-0.492095;0;
0;0.672146;1.25528;1.54839;1.44098;0.974149;0.326374;-0.251538;-0.491728;0;
0;0.672102;1.25514;1.54819;1.4408;0.974059;0.326409;-0.251369;-0.491363;0;
0;0.672057;1.25499;1.54799;1.44062;0.973968;0.326444;-0.2512;-0.490997;0;
0;0.672012;1.25485;1.54779;1.44044;0.973878;0.326479;-0.251032;-0.490631;0;
0;0.671968;1.2547;1.54759;1.44026;0.973787;0.326514;-0.250863;-0.490266;0;
0;0.671923;1.25456;1.54739;1.44008;0.973697;0.326549;-0.250694;-0.489901;0;
0;0.671879;1.25441;1.54719;1.4399;0.973607;0.326584;-0.250525;-0.489537;0;
0;0.671834;1.25427;1.54699;1.43972;0.973516;0.326619;-0.250356;-0.489173;0;
0;0.671789;1.25412;1.54679;1.43954;0.973426;0.326654;-0.250186;-0.488809;0;
0;0.671744;1.25398;1.54659;1.43936;0.973336;0.326689;-0.250017;-0.488445;0;
0;0.6717;1.25383;1.54639;1.43918;0.973245;0.326724;-0.249848;-0.488082;0;
0;0.671655;1.25369;1.54619;1.439;0.973155;0.326759;-0.249679;-0.487718;0;
0;0.67161;1.25354;1.54599;1.43882;0.973065;0.326794;-0.24951;-0.487355;0;
0;0.671565;1.2534;1.54579;1.43865;0.972975;0.326829;-0.249341;-0.486993;0;
0;0.67152;1.25325;1.54559;1.43847;0.972884;0.326864;-0.249171;-0.486631;0;
0;0.671476;1.25311;1.54539;1.43829;0.972794;0.326899;-0.249002;-0.486269;0;
0;0.671431;1.25297;1.54519;1.43811;0.972704;0.326934;-0.248833;-0.485907;0;
0;0.671386;1.25282;1.54499;1.43793;0.972614;0.326969;-0.248663;-0.485545;0;
0;0.671341;1.25268;1.54479;1.43775;0.972524;0.327004;-0.248494;-0.485184;0;
0;0.671296;1.25253;1.54459;1.43757;0.972433;0.327039;-0.248325;-0.484823;0;
0;0.671251;1.25239;1.54439;1.43739;0.972343;0.327074;-0.248155;-0.484462;0;
0;0.671206;1.25224;1.54419;1.43721;0.972253;0.327109;-0.247986;-0.484102;0;
0;0.671161;1.2521;1.54399;1.43703;0.972163;0.327144;-0.247816;-0.483742;0;
0;0.671115;1.25195;1.54379;1.43685;0.972073;0.327179;-0.247647;-0.483382;0;
0;0.67107;1.25181;1.54359;1.43668;0.971983;0.327214;-0.247477;-0.483023;0;
0;0.671025;1.25166;1.5434;1.4365;0.971893;0.327249;-0.247308;-0.482663;0;
0;0.67098;1.25152;1.5432;1.43632;0.971803;0.327284;-0.247138;-0.482304;0;
0;0.670935;1.25138;1.543;1.43614;0.971713;0.327319;-0.246968;-0.481946;0;
0;0.670889;1.25123;1.5428;1.43596;0.971623;0.327354;-0.246799;-0.481587;0;
0;0.670844;1.25109;1.5426;1.43578;0.971533;0.327389;-0.246629;-0.481229;0;
0;0.670799;1.25094;1.5424;1.4356;0.971443;0.327424;-0.246459;-0.480871;0;
0;0.670754;1.2508;1.5422;1.43542;0.971353;0.327459;-0.24629;-0.480513;0;
0;0.670708;1.25065;1.542;1.43525;0.971263;0.327494;-0.24612;-0.480156;0;
0;0.670663;1.25051;1.5418;1.43507;0.971173;0.327529;-0.24595;-0.479799;0;
0;0.670617;1.25037;1.5416;1.43489;0.971083;0.327564;-0.24578;-0.479442;0;
0;0.670572;1.25022;1.5414;1.43471;0.970994;0.3276;-0.24561;-0.479085;0;
0;0.670526;1.25008;1.5412;1.43453;0.970904;0.327635;-0.245441;-0.478729;0;
0;0.670481;1.24993;1.54101;1.43435;0.970814;0.32767;-0.245271;-0.478373;0;
0;0.670435;1.24979;1.54081;1.43417;0.970724;0.327705;-0.245101;-0.478017;0;
0;0.67039;1.24964;1.54061;1.434;0.970634;0.32774;-0.244931;-0.477662;0;
0;0.670344;1.2495;1.54041;1.43382;0.970544;0.327775;-0.244761;-0.477307;0;
0;0.670299;1.24936;1.54021;1.43364;0.970455;0.32781;-0.244591;-0.476952;0;
0;0.670253;1.24921;1.54001;1.43346;0.970365;0.327845;-0.244421;-0.476597;0;
0;0.670208;1.24907;1.53981;1.43328;0.970275;0.32788;-0.244251;-0.476243;0;
0;0.670162;1.24892;1.53961;1.4331;0.970186;0.327916;-0.244081;-0.475889;0;
0;0.670116;1.24878;1.53942;1.43293;0.970096;0.327951;-0.243911;-0.475535;0;
0;0.67007;1.24864;1.53922;1.43275;0.970006;0.327986;-0.24374;-0.475181;0;
0;0.670025;1.24849;1.53902;1.43257;0.969917;0.328021;-0.24357;-0.474828;0;
0;0.669979;1.24835;1.53882;1.43239;0.969827;0.328056;-0.2434;-0.474475;0;
0;0.669933;1.2482;1.53862;1.43221;0.969737;0.328091;-0.24323;-0.474122;0;
0;0.669887;1.24806;1.53842;1.43204;0.969648;0.328126;-0.24306;-0.47377;0;
0;0.669841;1.24792;1.53823;1.43186;0.969558;0.328162;-0.24289;-0.473417;0;
0;0.669796;1.24777;1.53803;1.43168;0.969469;0.328197;-0.242719;-0.473065;0;
0;0.66975;1.24763;1.53783;1.4315;0.969379;0.328232;-0.242549;-0.472714;0;
0;0.669704;1.24748;1.53763;1.43132;0.96929;0.328267;-0.242379;-0.472362;0;
0;0.669658;1.24734;1.53743;1.43115;0.9692;0.328302;-0.242208;-0.472011;0;
0;0.669612;1.2472;1.53723;1.43097;0.969111;0.328338;-0.242038;-0.47166;0;
0;0.669566;1.24705;1.53704;1.43079;0.969021;0.328373;-0.241868;-0.47131;0;
0;0.66952;1.24691;1.53684;1.43061;0.968932;0.328408;-0.241697;-0.470959;0;
0;0.669474;1.24677;1.53664;1.43043;0.968842;0.328443;-0.241527;-0.470609;0;
0;0.669428;1.24662;1.53644;1.43026;0.968753;0.328478;-0.241356;-0.470259;0;
0;0.669381;1.24648;1.53624;1.43008;0.968664;0.328514;-0.241186;-0.46991;0;
0;0.669335;1.24633;1.53605;1.4299;0.968574;0.328549;-0.241015;-0.46956;0;
0;0.669289;1.24619;1.53585;1.42972;0.968485;0.328584;-0.240845;-0.469211;0;
0;0.669243;1.24605;1.53565;1.42955;0.968396;0.328619;-0.240674;-0.468862;0;
0;0.669197;1.2459;1.53545;1.42937;0.968306;0.328655;-0.240504;-0.468514;0;
0;0.66915;1.24576;1.53525;1.42919;0.968217;0.32869;-0.240333;-0.468166;0;
0;0.669104;1.24562;1.53506;1.42901;0.968128;0.328725;-0.240163;-0.467818;0;
0;0.669058;1.24547;1.53486;1.42884;0.968038;0.32876;-0.239992;-0.46747;0;
0;0.669012;1.24533;1.53466;1.42866;0.967949;0.328796;-0.239821;-0.467122;0;
0;0.668965;1.24519;1.53446;1.42848;0.96786;0.328831;-0.239651;-0.466775;0;
0;0.668919;1.24504;1.53427;1.4283;0.967771;0.328866;-0.23948;-0.466428;0;
0;0.668872;1.2449;1.53407;1.42813;0.967682;0.328901;-0.239309;-0.466082;0;
0;0.668826;1.24476;1.53387;1.42795;0.967592;0.328937;-0.239139;-0.465735;0;
0;0.66878;1.24461;1.53367;1.42777;0.967503;0.328972;-0.238968;-0.465389;0;
0;0.668733;1.24447;1.53348;1.4276;0.967414;0.329007;-0.238797;-0.465043;0;
0;0.668687;1.24433;1.53328;1.42742;0.967325;0.329043;-0.238626;-0.464698;0;
0;0.66864;1.24418;1.53308;1.42724;0.967236;0.329078;-0.238456;-0.464352;0;
0;0.668594;1.24404;1.53288;1.42706;0.967147;0.329113;-0.238285;-0.464007;0;
0;0.668547;1.2439;1.53269;1.42689;0.967058;0.329148;-0.238114;-0.463662;0;
0;0.6685;1.24375;1.53249;1.42671;0.966969;0.329184;-0.237943;-0.463318;0;
0;0.668454;1.24361;1.53229;1.42653;0.96688;0.329219;-0.237772;-0.462973;0;
0;0.668407;1.24347;1.53209;1.42636;0.966791;0.329254;-0.237601;-0.462629;0;
0;0.66836;1.24332;1.5319;1.42618;0.966702;0.32929;-0.23743;-0.462285;0;
0;0.668314;1.24318;1.5317;1.426;0.966613;0.329325;-0.237259;-0.461942;0;
0;0.668267;1.24304;1.5315;1.42583;0.966524;0.329361;-0.237088;-0.461598;0;
0;0.66822;1.24289;1.53131;1.42565;0.966435;0.329396;-0.236917;-0.461255;0;
0;0.668173;1.24275;1.53111;1.42547;0.966346;0.329431;-0.236746;-0.460913;0;
0;0.668127;1.24261;1.53091;1.4253;0.966257;0.329467;-0.236575;-0.46057;0;
0;0.66808;1.24246;1.53071;1.42512;0.966168;0.329502;-0.236404;-0.460228;0;
0;0.668033;1.24232;1.53052;1.42494;0.966079;0.329537;-0.236233;-0.459886;0;
0;0.667986;1.24218;1.53032;1.42477;0.96599;0.329573;-0.236062;-0.459544;0;
0;0.667939;1.24203;1.53012;1.42459;0.965902;0.329608;-0.235891;-0.459202;0;
0;0.667892;1.24189;1.52993;1.42441;0.965813;0.329644;-0.23572;-0.458861;0;
0;0.667845;1.24175;1.52973;1.42424;0.965724;0.329679;-0.235549;-0.45852;0;
0;0.667798;1.24161;1.52953;1.42406;0.965635;0.329714;-0.235378;-0.458179;0;
0;0.667751;1.24146;1.52934;1.42388;0.965547;0.32975;-0.235207;-0.457839;0;
0;0.667704;1.24132;1.52914;1.42371;0.965458;0.329785;-0.235036;-0.457499;0;
0;0.667657;1.24118;1.52894;1.42353;0.965369;0.329821;-0.234864;-0.457159;0;
0;0.66761;1.24103;1.52875;1.42335;0.96528;0.329856;-0.234693;-0.456819;0;
0;0.667563;1.24089;1.52855;1.42318;0.965192;0.329891;-0.234522;-0.456479;0;
0;0.667516;1.24075;1.52835;1.423;0.965103;0.329927;-0.234351;-0.45614;0;
0;0.667469;1.24061;1.52816;1.42282;0.965014;0.329962;-0.23418;-0.455801;0;
0;0.667422;1.24046;1.52796;1.42265;0.964926;0.329998;-0.234008;-0.455463;0;
0;0.667375;1.24032;1.52776;1.42247;0.964837;0.330033;-0.233837;-0.455124;0;
0;0.667327;1.24018;1.52757;1.4223;0.964749;0.330069;-0.233666;-0.454786;0;
0;0.66728;1.24003;1.52737;1.42212;0.96466;0.330104;-0.233494;-0.454448;0;
0;0.667233;1.23989;1.52718;1.42194;0.964572;0.33014;-0.233323;-0.45411;0;
0;0.667186;1.23975;1.52698;1.42177;0.964483;0.330175;-0.233152;-0.453773;0;
0;0.667138;1.23961;1.52678;1.42159;0.964394;0.330211;-0.23298;-0.453436;0;
0;0.667091;1.23946;1.52659;1.42142;0.964306;0.330246;-0.232809;-0.453099;0;
0;0.667044;1.23932;1.52639;1.42124;0.964218;0.330282;-0.232638;-0.452762;0;
0;0.666996;1.23918;1.52619;1.42106;0.964129;0.330317;-0.232466;-0.452426;0;
0;0.666949;1.23904;1.526;1.42089;0.964041;0.330353;-0.232295;-0.452089;0;
0;0.666901;1.23889;1.5258;1.42071;0.963952;0.330388;-0.232123;-0.451753;0;
0;0.666854;1.23875;1.52561;1.42054;0.963864;0.330424;-0.231952;-0.451418;0;
0;0.666806;1.23861;1.52541;1.42036;0.963775;0.330459;-0.231781;-0.451082;0;
0;0.666759;1.23847;1.52521;1.42018;0.963687;0.330495;-0.231609;-0.450747;0;
0;0.666711;1.23832;1.52502;1.42001;0.963599;0.33053;-0.231438;-0.450412;0;
0;0.666664;1.23818;1.52482;1.41983;0.96351;0.330566;-0.231266;-0.450077;0;
0;0.666616;1.23804;1.52463;1.41966;0.963422;0.330601;-0.231095;-0.449743;0;
0;0.666569;1.2379;1.52443;1.41948;0.963334;0.330637;-0.230923;-0.449409;0;
0;0.666521;1.23775;1.52424;1.41931;0.963246;0.330673;-0.230752;-0.449075;0;
0;0.666473;1.23761;1.52404;1.41913;0.963157;0.330708;-0.23058;-0.448741;0;
0;0.666426;1.23747;1.52384;1.41896;0.963069;0.330744;-0.230408;-0.448408;0;
0;0.666378;1.23733;1.52365;1.41878;0.962981;0.330779;-0.230237;-0.448075;0;
0;0.66633;1.23718;1.52345;1.4186;0.962893;0.330815;-0.230065;-0.447742;0;
0;0.666283;1.23704;1.52326;1.41843;0.962804;0.330851;-0.229894;-0.447409;0;
0;0.666235;1.2369;1.52306;1.41825;0.962716;0.330886;-0.229722;-0.447076;0;
0;0.666187;1.23676;1.52287;1.41808;0.962628;0.330922;-0.22955;-0.446744;0;
0;0.666139;1.23661;1.52267;1.4179;0.96254;0.330957;-0.229379;-0.446412;0;
0;0.666091;1.23647;1.52248;1.41773;0.962452;0.330993;-0.229207;-0.44608;0;
0;0.666043;1.23633;1.52228;1.41755;0.962364;0.331029;-0.229035;-0.445749;0;
0;0.665996;1.23619;1.52208;1.41738;0.962276;0.331064;-0.228864;-0.445418;0;
0;0.665948;1.23605;1.52189;1.4172;0.962188;0.3311;-0.228692;-0.445087;0;
0;0.6659;1.2359;1.52169;1.41703;0.9621;0.331136;-0.22852;-0.444756;0;
0;0.665852;1.23576;1.5215;1.41685;0.962012;0.331171;-0.228349;-0.444426;0;
0;0.665804;1.23562;1.5213;1.41668;0.961924;0.331207;-0.228177;-0.444095;0;
0;0.665756;1.23548;1.52111;1.4165;0.961836;0.331243;-0.228005;-0.443765;0;
0;0.665708;1.23534;1.52091;1.41633;0.961748;0.331278;-0.227833;-0.443436;0;
0;0.66566;1.23519;1.52072;1.41615;0.96166;0.331314;-0.227662;-0.443106;0;
0;0.665612;1.23505;1.52052;1.41598;0.961572;0.33135;-0.22749;-0.442777;0;
0;0.665564;1.23491;1.52033;1.4158;0.961484;0.331385;-0.227318;-0.442448;0;
0;0.665516;1.23477;1.52013;1.41563;0.961396;0.331421;-0.227146;-0.442119;0;
0;0.665467;1.23463;1.51994;1.41545;0.961308;0.331457;-0.226975;-0.44179;0;
0;0.665419;1.23448;1.51974;1.41528;0.96122;0.331492;-0.226803;-0.441462;0;
0;0.665371;1.23434;1.51955;1.4151;0.961132;0.331528;-0.226631;-0.441134;0;
0;0.665323;1.2342;1.51935;1.41493;0.961045;0.331564;-0.226459;-0.440806;0;
0;0.665275;1.23406;1.51916;1.41475;0.960957;0.3316;-0.226287;-0.440479;0;
0;0.665226;1.23392;1.51896;1.41458;0.960869;0.331635;-0.226115;-0.440151;0;
0;0.665178;1.23377;1.51877;1.4144;0.960781;0.331671;-0.225944;-0.439824;0;
0;0.66513;1.23363;1.51857;1.41423;0.960693;0.331707;-0.225772;-0.439497;0;
0;0.665082;1.23349;1.51838;1.41405;0.960606;0.331743;-0.2256;-0.439171;0;
0;0.665033;1.23335;1.51819;1.41388;0.960518;0.331778;-0.225428;-0.438844;0;
0;0.664985;1.23321;1.51799;1.4137;0.96043;0.331814;-0.225256;-0.438518;0;
0;0.664936;1.23307;1.5178;1.41353;0.960343;0.33185;-0.225084;-0.438192;0;
0;0.664888;1.23292;1.5176;1.41336;0.960255;0.331886;-0.224912;-0.437867;0;
0;0.66484;1.23278;1.51741;1.41318;0.960167;0.331921;-0.22474;-0.437541;0;
0;0.664791;1.23264;1.51721;1.41301;0.96008;0.331957;-0.224568;-0.437216;0;
0;0.664743;1.2325;1.51702;1.41283;0.959992;0.331993;-0.224396;-0.436891;0;
0;0.664694;1.23236;1.51682;1.41266;0.959905;0.332029;-0.224225;-0.436566;0;
0;0.664646;1.23222;1.51663;1.41248;0.959817;0.332065;-0.224053;-0.436242;0;
0;0.664597;1.23207;1.51644;1.41231;0.95973;0.3321;-0.223881;-0.435918;0;
0;0.664549;1.23193;1.51624;1.41214;0.959642;0.332136;-0.223709;-0.435594;0;
0;0.6645;1.23179;1.51605;1.41196;0.959554;0.332172;-0.223537;-0.43527;0;
0;0.664451;1.23165;1.51585;1.41179;0.959467;0.332208;-0.223365;-0.434947;0;
0;0.664403;1.23151;1.51566;1.41161;0.95938;0.332244;-0.223193;-0.434623;0;
0;0.664354;1.23137;1.51546;1.41144;0.959292;0.33228;-0.223021;-0.4343;0;
0;0.664305;1.23123;1.51527;1.41126;0.959205;0.332315;-0.222849;-0.433978;0;
0;0.664257;1.23108;1.51508;1.41109;0.959117;0.332351;-0.222677;-0.433655;0;
0;0.664208;1.23094;1.51488;1.41092;0.95903;0.332387;-0.222505;-0.433333;0;
0;0.664159;1.2308;1.51469;1.41074;0.958942;0.332423;-0.222333;-0.433011;0;
0;0.664111;1.23066;1.5145;1.41057;0.958855;0.332459;-0.222161;-0.432689;0;
0;0.664062;1.23052;1.5143;1.4104;0.958768;0.332495;-0.221988;-0.432367;0;
0;0.664013;1.23038;1.51411;1.41022;0.95868;0.332531;-0.221816;-0.432046;0;
0;0.663964;1.23024;1.51391;1.41005;0.958593;0.332567;-0.221644;-0.431725;0;
0;0.663915;1.23009;1.51372;1.40987;0.958506;0.332603;-0.221472;-0.431404;0;
0;0.663866;1.22995;1.51353;1.4097;0.958419;0.332638;-0.2213;-0.431083;0;
0;0.663818;1.22981;1.51333;1.40953;0.958331;0.332674;-0.221128;-0.430763;0;
0;0.663769;1.22967;1.51314;1.40935;0.958244;0.33271;-0.220956;-0.430442;0;
0;0.66372;1.22953;1.51295;1.40918;0.958157;0.332746;-0.220784;-0.430122;0;
0;0.663671;1.22939;1.51275;1.40901;0.95807;0.332782;-0.220612;-0.429803;0;
0;0.663622;1.22925;1.51256;1.40883;0.957983;0.332818;-0.22044;-0.429483;0;
0;0.663573;1.22911;1.51236;1.40866;0.957895;0.332854;-0.220268;-0.429164;0;
0;0.663524;1.22896;1.51217;1.40848;0.957808;0.33289;-0.220096;-0.428845;0;
0;0.663475;1.22882;1.51198;1.40831;0.957721;0.332926;-0.219923;-0.428526;0;
0;0.663426;1.22868;1.51178;1.40814;0.957634;0.332962;-0.219751;-0.428208;0;
0;0.663377;1.22854;1.51159;1.40796;0.957547;0.332998;-0.219579;-0.427889;0;
0;0.663327;1.2284;1.5114;1.40779;0.95746;0.333034;-0.219407;-0.427571;0;
0;0.663278;1.22826;1.5112;1.40762;0.957373;0.33307;-0.219235;-0.427253;0;
0;0.663229;1.22812;1.51101;1.40744;0.957286;0.333106;-0.219063;-0.426936;0;
0;0.66318;1.22798;1.51082;1.40727;0.957199;0.333142;-0.218891;-0.426618;0;
0;0.663131;1.22784;1.51062;1.4071;0.957112;0.333178;-0.218718;-0.426301;0;
0;0.663082;1.2277;1.51043;1.40692;0.957025;0.333214;-0.218546;-0.425984;0;
0;0.663032;1.22755;1.51024;1.40675;0.956938;0.33325;-0.218374;-0.425667;0;
0;0.662983;1.22741;1.51004;1.40658;0.956851;0.333286;-0.218202;-0.425351;0;
0;0.662934;1.22727;1.50985;1.4064;0.956764;0.333322;-0.21803;-0.425035;0;
0;0.662885;1.22713;1.50966;1.40623;0.956677;0.333358;-0.217858;-0.424719;0;
0;0.662835;1.22699;1.50947;1.40606;0.95659;0.333394;-0.217685;-0.424403;0;
0;0.662786;1.22685;1.50927;1.40589;0.956503;0.33343;-0.217513;-0.424087;0;
0;0.662737;1.22671;1.50908;1.40571;0.956416;0.333466;-0.217341;-0.423772;0;
0;0.662687;1.22657;1.50889;1.40554;0.95633;0.333502;-0.217169;-0.423457;0;
0;0.662638;1.22643;1.50869;1.40537;0.956243;0.333538;-0.216997;-0.423142;0;
0;0.662588;1.22629;1.5085;1.40519;0.956156;0.333574;-0.216825;-0.422827;0;
0;0.662539;1.22615;1.50831;1.40502;0.956069;0.333611;-0.216652;-0.422513;0;
0;0.662489;1.22601;1.50812;1.40485;0.955983;0.333647;-0.21648;-0.422199;0;
0;0.66244;1.22586;1.50792;1.40468;0.955896;0.333683;-0.216308;-0.421885;0;
0;0.66239;1.22572;1.50773;1.4045;0.955809;0.333719;-0.216136;-0.421571;0;
0;0.662341;1.22558;1.50754;1.40433;0.955722;0.333755;-0.215964;-0.421258;0;
0;0.662291;1.22544;1.50735;1.40416;0.955636;0.333791;-0.215791;-0.420944;0;
0;0.662242;1.2253;1.50715;1.40398;0.955549;0.333827;-0.215619;-0.420631;0;
0;0.662192;1.22516;1.50696;1.40381;0.955462;0.333863;-0.215447;-0.420318;0;
0;0.662143;1.22502;1.50677;1.40364;0.955376;0.3339;-0.215275;-0.420006;0;
0;0.662093;1.22488;1.50658;1.40347;0.955289;0.333936;-0.215102;-0.419693;0;
0;0.662043;1.22474;1.50638;1.40329;0.955203;0.333972;-0.21493;-0.419381;0;
0;0.661994;1.2246;1.50619;1.40312;0.955116;0.334008;-0.214758;-0.419069;0;
0;0.661944;1.22446;1.506;1.40295;0.955029;0.334044;-0.214586;-0.418758;0;
0;0.661894;1.22432;1.50581;1.40278;0.954943;0.33408;-0.214414;-0.418446;0;
0;0.661844;1.22418;1.50561;1.4026;0.954856;0.334117;-0.214241;-0.418135;0;
0;0.661795;1.22404;1.50542;1.40243;0.95477;0.334153;-0.214069;-0.417824;0;
0;0.661745;1.2239;1.50523;1.40226;0.954683;0.334189;-0.213897;-0.417513;0;
0;0.661695;1.22376;1.50504;1.40209;0.954597;0.334225;-0.213725;-0.417203;0;
0;0.661645;1.22362;1.50485;1.40191;0.954511;0.334261;-0.213552;-0.416892;0;
0;0.661595;1.22348;1.50465;1.40174;0.954424;0.334298;-0.21338;-0.416582;0;
0;0.661546;1.22334;1.50446;1.40157;0.954338;0.334334;-0.213208;-0.416272;0;
0;0.661496;1.22319;1.50427;1.4014;0.954251;0.33437;-0.213036;-0.415963;0;
0;0.661446;1.22305;1.50408;1.40123;0.954165;0.334406;-0.212863;-0.415653;0;
0;0.661396;1.22291;1.50389;1.40105;0.954079;0.334443;-0.212691;-0.415344;0;
0;0.661346;1.22277;1.50369;1.40088;0.953992;0.334479;-0.212519;-0.415035;0;
0;0.661296;1.22263;1.5035;1.40071;0.953906;0.334515;-0.212347;-0.414726;0;
0;0.661246;1.22249;1.50331;1.40054;0.95382;0.334551;-0.212174;-0.414418;0;
0;0.661196;1.22235;1.50312;1.40037;0.953733;0.334588;-0.212002;-0.414109;0;
0;0.661146;1.22221;1.50293;1.40019;0.953647;0.334624;-0.21183;-0.413801;0;
0;0.661096;1.22207;1.50273;1.40002;0.953561;0.33466;-0.211658;-0.413493;0;
0;0.661046;1.22193;1.50254;1.39985;0.953475;0.334696;-0.211485;-0.413186;0;
0;0.660996;1.22179;1.50235;1.39968;0.953388;0.334733;-0.211313;-0.412878;0;
0;0.660946;1.22165;1.50216;1.39951;0.953302;0.334769;-0.211141;-0.412571;0;
0;0.660896;1.22151;1.50197;1.39933;0.953216;0.334805;-0.210969;-0.412264;0;
0;0.660846;1.22137;1.50178;1.39916;0.95313;0.334842;-0.210797;-0.411957;0;
0;0.660795;1.22123;1.50158;1.39899;0.953044;0.334878;-0.210624;-0.411651;0;
0;0.660745;1.22109;1.50139;1.39882;0.952958;0.334914;-0.210452;-0.411344;0;
0;0.660695;1.22095;1.5012;1.39865;0.952872;0.334951;-0.21028;-0.411038;0;
0;0.660645;1.22081;1.50101;1.39848;0.952786;0.334987;-0.210108;-0.410732;0;
0;0.660595;1.22067;1.50082;1.3983;0.9527;0.335023;-0.209935;-0.410427;0;
0;0.660544;1.22053;1.50063;1.39813;0.952613;0.33506;-0.209763;-0.410121;0;
0;0.660494;1.22039;1.50044;1.39796;0.952527;0.335096;-0.209591;-0.409816;0;
0;0.660444;1.22025;1.50025;1.39779;0.952441;0.335132;-0.209419;-0.409511;0;
0;0.660393;1.22011;1.50005;1.39762;0.952355;0.335169;-0.209246;-0.409206;0;
0;0.660343;1.21997;1.49986;1.39745;0.95227;0.335205;-0.209074;-0.408901;0;
0;0.660293;1.21983;1.49967;1.39728;0.952184;0.335242;-0.208902;-0.408597;0;
0;0.660242;1.21969;1.49948;1.3971;0.952098;0.335278;-0.20873;-0.408293;0;
0;0.660192;1.21955;1.49929;1.39693;0.952012;0.335314;-0.208558;-0.407989;0;
0;0.660141;1.21941;1.4991;1.39676;0.951926;0.335351;-0.208385;-0.407685;0;
0;0.660091;1.21927;1.49891;1.39659;0.95184;0.335387;-0.208213;-0.407382;0;
0;0.660041;1.21913;1.49872;1.39642;0.951754;0.335424;-0.208041;-0.407079;0;
0;0.65999;1.21899;1.49853;1.39625;0.951668;0.33546;-0.207869;-0.406775;0;
0;0.65994;1.21885;1.49833;1.39608;0.951583;0.335497;-0.207696;-0.406473;0;
0;0.659889;1.21871;1.49814;1.39591;0.951497;0.335533;-0.207524;-0.40617;0;
0;0.659839;1.21857;1.49795;1.39574;0.951411;0.335569;-0.207352;-0.405868;0;
0;0.659788;1.21844;1.49776;1.39556;0.951325;0.335606;-0.20718;-0.405565;0;
0;0.659737;1.2183;1.49757;1.39539;0.951239;0.335642;-0.207008;-0.405263;0;
0;0.659687;1.21816;1.49738;1.39522;0.951154;0.335679;-0.206835;-0.404962;0;
0;0.659636;1.21802;1.49719;1.39505;0.951068;0.335715;-0.206663;-0.40466;0;
0;0.659586;1.21788;1.497;1.39488;0.950982;0.335752;-0.206491;-0.404359;0;
0;0.659535;1.21774;1.49681;1.39471;0.950897;0.335788;-0.206319;-0.404058;0;
0;0.659484;1.2176;1.49662;1.39454;0.950811;0.335825;-0.206147;-0.403757;0;
0;0.659434;1.21746;1.49643;1.39437;0.950725;0.335861;-0.205974;-0.403456;0;
0;0.659383;1.21732;1.49624;1.3942;0.95064;0.335898;-0.205802;-0.403156;0;
0;0.659332;1.21718;1.49605;1.39403;0.950554;0.335934;-0.20563;-0.402855;0;
0;0.659281;1.21704;1.49586;1.39386;0.950469;0.335971;-0.205458;-0.402555;0;
0;0.659231;1.2169;1.49567;1.39368;0.950383;0.336007;-0.205286;-0.402256;0;
0;0.65918;1.21676;1.49548;1.39351;0.950298;0.336044;-0.205114;-0.401956;0;
0;0.659129;1.21662;1.49528;1.39334;0.950212;0.33608;-0.204941;-0.401657;0;
0;0.659078;1.21648;1.49509;1.39317;0.950126;0.336117;-0.204769;-0.401357;0;
0;0.659027;1.21634;1.4949;1.393;0.950041;0.336154;-0.204597;-0.401058;0;
0;0.658977;1.2162;1.49471;1.39283;0.949956;0.33619;-0.204425;-0.40076;0;
0;0.658926;1.21606;1.49452;1.39266;0.94987;0.336227;-0.204253;-0.400461;0;
0;0.658875;1.21592;1.49433;1.39249;0.949785;0.336263;-0.204081;-0.400163;0;
0;0.658824;1.21578;1.49414;1.39232;0.949699;0.3363;-0.203909;-0.399865;0;
0;0.658773;1.21565;1.49395;1.39215;0.949614;0.336337;-0.203736;-0.399567;0;
0;0.658722;1.21551;1.49376;1.39198;0.949529;0.336373;-0.203564;-0.399269;0;
0;0.658671;1.21537;1.49357;1.39181;0.949443;0.33641;-0.203392;-0.398972;0;
0;0.65862;1.21523;1.49338;1.39164;0.949358;0.336446;-0.20322;-0.398674;0;
0;0.658569;1.21509;1.49319;1.39147;0.949273;0.336483;-0.203048;-0.398377;0;
0;0.658518;1.21495;1.493;1.3913;0.949187;0.33652;-0.202876;-0.39808;0;
0;0.658467;1.21481;1.49281;1.39113;0.949102;0.336556;-0.202704;-0.397784;0;
0;0.658416;1.21467;1.49262;1.39096;0.949017;0.336593;-0.202532;-0.397487;0;
0;0.658365;1.21453;1.49243;1.39079;0.948931;0.33663;-0.20236;-0.397191;0;
0;0.658314;1.21439;1.49224;1.39062;0.948846;0.336666;-0.202188;-0.396895;0;
0;0.658263;1.21425;1.49205;1.39045;0.948761;0.336703;-0.202016;-0.396599;0;
0;0.658212;1.21411;1.49186;1.39028;0.948676;0.33674;-0.201843;-0.396304;0;
0;0.65816;1.21398;1.49168;1.39011;0.948591;0.336776;-0.201671;-0.396008;0;
0;0.658109;1.21384;1.49149;1.38994;0.948506;0.336813;-0.201499;-0.395713;0;
0;0.658058;1.2137;1.4913;1.38977;0.94842;0.33685;-0.201327;-0.395418;0;
0;0.658007;1.21356;1.49111;1.3896;0.948335;0.336886;-0.201155;-0.395123;0;
0;0.657956;1.21342;1.49092;1.38943;0.94825;0.336923;-0.200983;-0.394829;0;
0;0.657904;1.21328;1.49073;1.38926;0.948165;0.33696;-0.200811;-0.394534;0;
0;0.657853;1.21314;1.49054;1.38909;0.94808;0.336996;-0.200639;-0.39424;0;
0;0.657802;1.213;1.49035;1.38892;0.947995;0.337033;-0.200467;-0.393946;0;
0;0.65775;1.21286;1.49016;1.38875;0.94791;0.33707;-0.200295;-0.393653;0;
0;0.657699;1.21272;1.48997;1.38858;0.947825;0.337107;-0.200123;-0.393359;0;
0;0.657648;1.21259;1.48978;1.38841;0.94774;0.337143;-0.199951;-0.393066;0;
0;0.657596;1.21245;1.48959;1.38824;0.947655;0.33718;-0.199779;-0.392773;0;
0;0.657545;1.21231;1.4894;1.38807;0.94757;0.337217;-0.199607;-0.39248;0;
0;0.657494;1.21217;1.48921;1.3879;0.947485;0.337254;-0.199435;-0.392187;0;
0;0.657442;1.21203;1.48902;1.38773;0.9474;0.33729;-0.199263;-0.391895;0;
0;0.657391;1.21189;1.48883;1.38756;0.947315;0.337327;-0.199091;-0.391603;0;
0;0.657339;1.21175;1.48865;1.38739;0.94723;0.337364;-0.198919;-0.39131;0;
0;0.657288;1.21161;1.48846;1.38722;0.947146;0.337401;-0.198747;-0.391019;0;
0;0.657236;1.21148;1.48827;1.38705;0.947061;0.337438;-0.198575;-0.390727;0;
0;0.657185;1.21134;1.48808;1.38688;0.946976;0.337474;-0.198403;-0.390436;0;
0;0.657133;1.2112;1.48789;1.38671;0.946891;0.337511;-0.198232;-0.390144;0;
0;0.657082;1.21106;1.4877;1.38654;0.946806;0.337548;-0.19806;-0.389853;0;
0;0.65703;1.21092;1.48751;1.38638;0.946722;0.337585;-0.197888;-0.389562;0;
0;0.656979;1.21078;1.48732;1.38621;0.946637;0.337622;-0.197716;-0.389272;0;
0;0.656927;1.21064;1.48713;1.38604;0.946552;0.337658;-0.197544;-0.388981;0;
0;0.656876;1.2105;1.48694;1.38587;0.946467;0.337695;-0.197372;-0.388691;0;
0;0.656824;1.21037;1.48676;1.3857;0.946383;0.337732;-0.1972;-0.388401;0;
0;0.656772;1.21023;1.48657;1.38553;0.946298;0.337769;-0.197028;-0.388111;0;
0;0.656721;1.21009;1.48638;1.38536;0.946213;0.337806;-0.196856;-0.387822;0;
0;0.656669;1.20995;1.48619;1.38519;0.946129;0.337843;-0.196685;-0.387532;0;
0;0.656617;1.20981;1.486;1.38502;0.946044;0.33788;-0.196513;-0.387243;0;
0;0.656566;1.20967;1.48581;1.38485;0.94596;0.337917;-0.196341;-0.386954;0;
0;0.656514;1.20953;1.48562;1.38468;0.945875;0.337953;-0.196169;-0.386665;0;
0;0.656462;1.2094;1.48544;1.38452;0.945791;0.33799;-0.195997;-0.386377;0;
0;0.65641;1.20926;1.48525;1.38435;0.945706;0.338027;-0.195826;-0.386088;0;
0;0.656359;1.20912;1.48506;1.38418;0.945621;0.338064;-0.195654;-0.3858;0;
0;0.656307;1.20898;1.48487;1.38401;0.945537;0.338101;-0.195482;-0.385512;0;
0;0.656255;1.20884;1.48468;1.38384;0.945452;0.338138;-0.19531;-0.385225;0;
0;0.656203;1.2087;1.48449;1.38367;0.945368;0.338175;-0.195138;-0.384937;0;
0;0.656151;1.20857;1.48431;1.3835;0.945284;0.338212;-0.194967;-0.38465;0;
0;0.656099;1.20843;1.48412;1.38333;0.945199;0.338249;-0.194795;-0.384362;0;
0;0.656048;1.20829;1.48393;1.38317;0.945115;0.338286;-0.194623;-0.384075;0;
0;0.655996;1.20815;1.48374;1.383;0.94503;0.338323;-0.194451;-0.383789;0;
0;0.655944;1.20801;1.48355;1.38283;0.944946;0.33836;-0.19428;-0.383502;0;
0;0.655892;1.20787;1.48336;1.38266;0.944862;0.338397;-0.194108;-0.383216;0;
0;0.65584;1.20774;1.48318;1.38249;0.944777;0.338434;-0.193936;-0.38293;0;
0;0.655788;1.2076;1.48299;1.38232;0.944693;0.338471;-0.193765;-0.382644;0;
0;0.655736;1.20746;1.4828;1.38215;0.944609;0.338508;-0.193593;-0.382358;0;
0;0.655684;1.20732;1.48261;1.38199;0.944524;0.338545;-0.193421;-0.382072;0;
0;0.655632;1.20718;1.48242;1.38182;0.94444;0.338582;-0.19325;-0.381787;0;
0;0.65558;1.20705;1.48224;1.38165;0.944356;0.338619;-0.193078;-0.381502;0;
0;0.655528;1.20691;1.48205;1.38148;0.944272;0.338656;-0.192906;-0.381217;0;
0;0.655476;1.20677;1.48186;1.38131;0.944187;0.338693;-0.192735;-0.380932;0;
0;0.655424;1.20663;1.48167;1.38114;0.944103;0.33873;-0.192563;-0.380648;0;
0;0.655371;1.20649;1.48148;1.38098;0.944019;0.338767;-0.192391;-0.380363;0;
0;0.655319;1.20635;1.4813;1.38081;0.943935;0.338804;-0.19222;-0.380079;0;
0;0.655267;1.20622;1.48111;1.38064;0.943851;0.338841;-0.192048;-0.379795;0;
0;0.655215;1.20608;1.48092;1.38047;0.943767;0.338878;-0.191877;-0.379511;0;
0;0.655163;1.20594;1.48073;1.3803;0.943683;0.338915;-0.191705;-0.379228;0;
0;0.655111;1.2058;1.48055;1.38013;0.943599;0.338952;-0.191534;-0.378944;0;
0;0.655058;1.20566;1.48036;1.37997;0.943515;0.338989;-0.191362;-0.378661;0;
0;0.655006;1.20553;1.48017;1.3798;0.94343;0.339026;-0.191191;-0.378378;0;
0;0.654954;1.20539;1.47998;1.37963;0.943346;0.339063;-0.191019;-0.378095;0;
0;0.654902;1.20525;1.4798;1.37946;0.943262;0.3391;-0.190848;-0.377813;0;
0;0.654849;1.20511;1.47961;1.37929;0.943178;0.339138;-0.190676;-0.37753;0;
0;0.654797;1.20498;1.47942;1.37913;0.943095;0.339175;-0.190505;-0.377248;0;
0;0.654745;1.20484;1.47923;1.37896;0.943011;0.339212;-0.190333;-0.376966;0;
0;0.654693;1.2047;1.47905;1.37879;0.942927;0.339249;-0.190162;-0.376684;0;
0;0.65464;1.20456;1.47886;1.37862;0.942843;0.339286;-0.18999;-0.376403;0;
0;0.654588;1.20442;1.47867;1.37846;0.942759;0.339323;-0.189819;-0.376121;0;
0;0.654535;1.20429;1.47849;1.37829;0.942675;0.33936;-0.189647;-0.37584;0;
0;0.654483;1.20415;1.4783;1.37812;0.942591;0.339397;-0.189476;-0.375559;0;
0;0.654431;1.20401;1.47811;1.37795;0.942507;0.339435;-0.189305;-0.375278;0;
0;0.654378;1.20387;1.47792;1.37778;0.942423;0.339472;-0.189133;-0.374998;0;
0;0.654326;1.20373;1.47774;1.37762;0.94234;0.339509;-0.188962;-0.374717;0;
0;0.654273;1.2036;1.47755;1.37745;0.942256;0.339546;-0.18879;-0.374437;0;
0;0.654221;1.20346;1.47736;1.37728;0.942172;0.339583;-0.188619;-0.374157;0;
0;0.654168;1.20332;1.47718;1.37711;0.942088;0.339621;-0.188448;-0.373877;0;
0;0.654116;1.20318;1.47699;1.37695;0.942005;0.339658;-0.188276;-0.373598;0;
0;0.654063;1.20305;1.4768;1.37678;0.941921;0.339695;-0.188105;-0.373318;0;
0;0.654011;1.20291;1.47661;1.37661;0.941837;0.339732;-0.187934;-0.373039;0;
0;0.653958;1.20277;1.47643;1.37644;0.941754;0.339769;-0.187763;-0.37276;0;
0;0.653906;1.20263;1.47624;1.37628;0.94167;0.339807;-0.187591;-0.372481;0;
0;0.653853;1.2025;1.47605;1.37611;0.941586;0.339844;-0.18742;-0.372202;0;
0;0.6538;1.20236;1.47587;1.37594;0.941503;0.339881;-0.187249;-0.371924;0;
0;0.653748;1.20222;1.47568;1.37578;0.941419;0.339918;-0.187078;-0.371645;0;
0;0.653695;1.20208;1.47549;1.37561;0.941336;0.339956;-0.186906;-0.371367;0;
0;0.653643;1.20195;1.47531;1.37544;0.941252;0.339993;-0.186735;-0.371089;0;
0;0.65359;1.20181;1.47512;1.37527;0.941169;0.34003;-0.186564;-0.370812;0;
0;0.653537;1.20167;1.47493;1.37511;0.941085;0.340067;-0.186393;-0.370534;0;
0;0.653484;1.20153;1.47475;1.37494;0.941001;0.340105;-0.186222;-0.370257;0;
0;0.653432;1.2014;1.47456;1.37477;0.940918;0.340142;-0.18605;-0.36998;0;
0;0.653379;1.20126;1.47437;1.37461;0.940835;0.340179;-0.185879;-0.369703;0;
0;0.653326;1.20112;1.47419;1.37444;0.940751;0.340217;-0.185708;-0.369426;0;
0;0.653274;1.20098;1.474;1.37427;0.940668;0.340254;-0.185537;-0.369149;0;
0;0.653221;1.20085;1.47382;1.3741;0.940584;0.340291;-0.185366;-0.368873;0;
0;0.653168;1.20071;1.47363;1.37394;0.940501;0.340328;-0.185195;-0.368597;0;
0;0.653115;1.20057;1.47344;1.37377;0.940418;0.340366;-0.185024;-0.368321;0;
0;0.653062;1.20043;1.47326;1.3736;0.940334;0.340403;-0.184853;-0.368045;0;
0;0.653009;1.2003;1.47307;1.37344;0.940251;0.34044;-0.184682;-0.367769;0;
0;0.652957;1.20016;1.47288;1.37327;0.940168;0.340478;-0.184511;-0.367494;0;
0;0.652904;1.20002;1.4727;1.3731;0.940084;0.340515;-0.18434;-0.367219;0;
0;0.652851;1.19989;1.47251;1.37294;0.940001;0.340552;-0.184169;-0.366944;0;
0;0.652798;1.19975;1.47233;1.37277;0.939918;0.34059;-0.183998;-0.366669;0;
0;0.652745;1.19961;1.47214;1.3726;0.939834;0.340627;-0.183827;-0.366394;0;
0;0.652692;1.19947;1.47195;1.37244;0.939751;0.340665;-0.183656;-0.36612;0;
0;0.652639;1.19934;1.47177;1.37227;0.939668;0.340702;-0.183485;-0.365845;0;
0;0.652586;1.1992;1.47158;1.3721;0.939585;0.340739;-0.183314;-0.365571;0;
0;0.652533;1.19906;1.4714;1.37194;0.939502;0.340777;-0.183143;-0.365297;0;
0;0.65248;1.19893;1.47121;1.37177;0.939419;0.340814;-0.182972;-0.365024;0;
0;0.652427;1.19879;1.47102;1.3716;0.939335;0.340852;-0.182801;-0.36475;0;
0;0.652374;1.19865;1.47084;1.37144;0.939252;0.340889;-0.182631;-0.364477;0;
0;0.652321;1.19851;1.47065;1.37127;0.939169;0.340926;-0.18246;-0.364204;0;
0;0.652268;1.19838;1.47047;1.37111;0.939086;0.340964;-0.182289;-0.363931;0;
0;0.652215;1.19824;1.47028;1.37094;0.939003;0.341001;-0.182118;-0.363658;0;
0;0.652162;1.1981;1.4701;1.37077;0.93892;0.341039;-0.181947;-0.363385;0;
0;0.652109;1.19797;1.46991;1.37061;0.938837;0.341076;-0.181777;-0.363113;0;
0;0.652056;1.19783;1.46972;1.37044;0.938754;0.341114;-0.181606;-0.362841;0;
0;0.652002;1.19769;1.46954;1.37027;0.938671;0.341151;-0.181435;-0.362568;0;
0;0.651949;1.19756;1.46935;1.37011;0.938588;0.341189;-0.181264;-0.362297;0;
0;0.651896;1.19742;1.46917;1.36994;0.938505;0.341226;-0.181094;-0.362025;0;
0;0.651843;1.19728;1.46898;1.36978;0.938422;0.341263;-0.180923;-0.361753;0;
0;0.65179;1.19715;1.4688;1.36961;0.938339;0.341301;-0.180752;-0.361482;0;
0;0.651736;1.19701;1.46861;1.36944;0.938256;0.341338;-0.180582;-0.361211;0;
0;0.651683;1.19687;1.46843;1.36928;0.938174;0.341376;-0.180411;-0.36094;0;
0;0.65163;1.19673;1.46824;1.36911;0.938091;0.341413;-0.18024;-0.360669;0;
0;0.651577;1.1966;1.46805;1.36895;0.938008;0.341451;-0.18007;-0.360399;0;
0;0.651523;1.19646;1.46787;1.36878;0.937925;0.341489;-0.179899;-0.360129;0;
0;0.65147;1.19632;1.46768;1.36861;0.937842;0.341526;-0.179729;-0.359858;0;
0;0.651417;1.19619;1.4675;1.36845;0.93776;0.341564;-0.179558;-0.359588;0;
0;0.651364;1.19605;1.46731;1.36828;0.937677;0.341601;-0.179387;-0.359319;0;
0;0.65131;1.19591;1.46713;1.36812;0.937594;0.341639;-0.179217;-0.359049;0;
0;0.651257;1.19578;1.46694;1.36795;0.937511;0.341676;-0.179046;-0.358779;0;
0;0.651203;1.19564;1.46676;1.36778;0.937429;0.341714;-0.178876;-0.35851;0;
0;0.65115;1.1955;1.46657;1.36762;0.937346;0.341751;-0.178705;-0.358241;0;
0;0.651097;1.19537;1.46639;1.36745;0.937263;0.341789;-0.178535;-0.357972;0;
0;0.651043;1.19523;1.4662;1.36729;0.937181;0.341826;-0.178365;-0.357704;0;
0;0.65099;1.19509;1.46602;1.36712;0.937098;0.341864;-0.178194;-0.357435;0;
0;0.650936;1.19496;1.46583;1.36696;0.937015;0.341902;-0.178024;-0.357167;0;
0;0.650883;1.19482;1.46565;1.36679;0.936933;0.341939;-0.177853;-0.356899;0;
0;0.650829;1.19468;1.46546;1.36663;0.93685;0.341977;-0.177683;-0.356631;0;
0;0.650776;1.19455;1.46528;1.36646;0.936768;0.342014;-0.177513;-0.356363;0;
0;0.650722;1.19441;1.46509;1.36629;0.936685;0.342052;-0.177342;-0.356095;0;
0;0.650669;1.19427;1.46491;1.36613;0.936603;0.34209;-0.177172;-0.355828;0;
0;0.650615;1.19414;1.46472;1.36596;0.93652;0.342127;-0.177002;-0.35556;0;
0;0.650562;1.194;1.46454;1.3658;0.936438;0.342165;-0.176831;-0.355293;0;
0;0.650508;1.19387;1.46436;1.36563;0.936355;0.342203;-0.176661;-0.355027;0;
0;0.650455;1.19373;1.46417;1.36547;0.936273;0.34224;-0.176491;-0.35476;0;
0;0.650401;1.19359;1.46399;1.3653;0.93619;0.342278;-0.176321;-0.354493;0;
0;0.650348;1.19346;1.4638;1.36514;0.936108;0.342316;-0.17615;-0.354227;0;
0;0.650294;1.19332;1.46362;1.36497;0.936026;0.342353;-0.17598;-0.353961;0;
0;0.65024;1.19318;1.46343;1.36481;0.935943;0.342391;-0.17581;-0.353695;0;
0;0.650187;1.19305;1.46325;1.36464;0.935861;0.342429;-0.17564;-0.353429;0;
0;0.650133;1.19291;1.46306;1.36448;0.935779;0.342466;-0.17547;-0.353163;0;
0;0.650079;1.19277;1.46288;1.36431;0.935696;0.342504;-0.1753;-0.352898;0;
0;0.650026;1.19264;1.4627;1.36415;0.935614;0.342542;-0.175129;-0.352633;0;
0;0.649972;1.1925;1.46251;1.36398;0.935532;0.342579;-0.174959;-0.352368;0;
0;0.649918;1.19237;1.46233;1.36382;0.93545;0.342617;-0.174789;-0.352103;0;
0;0.649864;1.19223;1.46214;1.36365;0.935367;0.342655;-0.174619;-0.351838;0;
0;0.649811;1.19209;1.46196;1.36349;0.935285;0.342692;-0.174449;-0.351574;0;
0;0.649757;1.19196;1.46177;1.36332;0.935203;0.34273;-0.174279;-0.351309;0;
0;0.649703;1.19182;1.46159;1.36316;0.935121;0.342768;-0.174109;-0.351045;0;
0;0.649649;1.19168;1.46141;1.36299;0.935039;0.342806;-0.173939;-0.350781;0;
0;0.649596;1.19155;1.46122;1.36283;0.934956;0.342843;-0.173769;-0.350517;0;
0;0.649542;1.19141;1.46104;1.36266;0.934874;0.342881;-0.173599;-0.350254;0;
0;0.649488;1.19128;1.46085;1.3625;0.934792;0.342919;-0.173429;-0.34999;0;
0;0.649434;1.19114;1.46067;1.36233;0.93471;0.342957;-0.17326;-0.349727;0;
0;0.64938;1.191;1.46049;1.36217;0.934628;0.342994;-0.17309;-0.349464;0;
0;0.649326;1.19087;1.4603;1.362;0.934546;0.343032;-0.17292;-0.349201;0;
0;0.649272;1.19073;1.46012;1.36184;0.934464;0.34307;-0.17275;-0.348938;0;
0;0.649219;1.1906;1.45993;1.36168;0.934382;0.343108;-0.17258;-0.348676;0;
0;0.649165;1.19046;1.45975;1.36151;0.9343;0.343146;-0.17241;-0.348413;0;
0;0.649111;1.19032;1.45957;1.36135;0.934218;0.343183;-0.172241;-0.348151;0;
0;0.649057;1.19019;1.45938;1.36118;0.934136;0.343221;-0.172071;-0.347889;0;
0;0.649003;1.19005;1.4592;1.36102;0.934054;0.343259;-0.171901;-0.347627;0;
0;0.648949;1.18992;1.45902;1.36085;0.933972;0.343297;-0.171731;-0.347365;0;
0;0.648895;1.18978;1.45883;1.36069;0.93389;0.343335;-0.171562;-0.347104;0;
0;0.648841;1.18964;1.45865;1.36052;0.933808;0.343372;-0.171392;-0.346843;0;
0;0.648787;1.18951;1.45846;1.36036;0.933727;0.34341;-0.171222;-0.346581;0;
0;0.648733;1.18937;1.45828;1.3602;0.933645;0.343448;-0.171053;-0.346321;0;
0;0.648679;1.18924;1.4581;1.36003;0.933563;0.343486;-0.170883;-0.34606;0;
0;0.648625;1.1891;1.45791;1.35987;0.933481;0.343524;-0.170714;-0.345799;0;
0;0.648571;1.18896;1.45773;1.3597;0.933399;0.343562;-0.170544;-0.345539;0;
0;0.648516;1.18883;1.45755;1.35954;0.933318;0.3436;-0.170374;-0.345278;0;
0;0.648462;1.18869;1.45736;1.35938;0.933236;0.343637;-0.170205;-0.345018;0;
0;0.648408;1.18856;1.45718;1.35921;0.933154;0.343675;-0.170035;-0.344758;0;
0;0.648354;1.18842;1.457;1.35905;0.933072;0.343713;-0.169866;-0.344499;0;
0;0.6483;1.18829;1.45681;1.35888;0.932991;0.343751;-0.169696;-0.344239;0;
0;0.648246;1.18815;1.45663;1.35872;0.932909;0.343789;-0.169527;-0.34398;0;
0;0.648192;1.18801;1.45645;1.35855;0.932827;0.343827;-0.169357;-0.34372;0;
0;0.648137;1.18788;1.45626;1.35839;0.932746;0.343865;-0.169188;-0.343461;0;
0;0.648083;1.18774;1.45608;1.35823;0.932664;0.343903;-0.169019;-0.343203;0;
0;0.648029;1.18761;1.4559;1.35806;0.932582;0.343941;-0.168849;-0.342944;0;
0;0.647975;1.18747;1.45572;1.3579;0.932501;0.343979;-0.16868;-0.342685;0;
0;0.647921;1.18734;1.45553;1.35774;0.932419;0.344016;-0.168511;-0.342427;0;
0;0.647866;1.1872;1.45535;1.35757;0.932338;0.344054;-0.168341;-0.342169;0;
0;0.647812;1.18706;1.45517;1.35741;0.932256;0.344092;-0.168172;-0.341911;0;
0;0.647758;1.18693;1.45498;1.35724;0.932175;0.34413;-0.168003;-0.341653;0;
0;0.647704;1.18679;1.4548;1.35708;0.932093;0.344168;-0.167834;-0.341395;0;
0;0.647649;1.18666;1.45462;1.35692;0.932012;0.344206;-0.167664;-0.341138;0;
0;0.647595;1.18652;1.45443;1.35675;0.93193;0.344244;-0.167495;-0.340881;0;
0;0.647541;1.18639;1.45425;1.35659;0.931849;0.344282;-0.167326;-0.340623;0;
0;0.647486;1.18625;1.45407;1.35643;0.931767;0.34432;-0.167157;-0.340366;0;
0;0.647432;1.18612;1.45389;1.35626;0.931686;0.344358;-0.166988;-0.34011;0;
0;0.647377;1.18598;1.4537;1.3561;0.931605;0.344396;-0.166819;-0.339853;0;
0;0.647323;1.18585;1.45352;1.35594;0.931523;0.344434;-0.166649;-0.339597;0;
0;0.647269;1.18571;1.45334;1.35577;0.931442;0.344472;-0.16648;-0.33934;0;
0;0.647214;1.18557;1.45316;1.35561;0.931361;0.34451;-0.166311;-0.339084;0;
0;0.64716;1.18544;1.45297;1.35545;0.931279;0.344548;-0.166142;-0.338828;0;
0;0.647105;1.1853;1.45279;1.35528;0.931198;0.344586;-0.165973;-0.338573;0;
0;0.647051;1.18517;1.45261;1.35512;0.931117;0.344624;-0.165804;-0.338317;0;
0;0.646996;1.18503;1.45243;1.35496;0.931036;0.344662;-0.165635;-0.338062;0;
0;0.646942;1.1849;1.45224;1.35479;0.930954;0.3447;-0.165466;-0.337806;0;
0;0.646888;1.18476;1.45206;1.35463;0.930873;0.344738;-0.165298;-0.337551;0;
0;0.646833;1.18463;1.45188;1.35447;0.930792;0.344776;-0.165129;-0.337296;0;
0;0.646778;1.18449;1.4517;1.3543;0.930711;0.344814;-0.16496;-0.337042;0;
0;0.646724;1.18436;1.45151;1.35414;0.93063;0.344852;-0.164791;-0.336787;0;
0;0.646669;1.18422;1.45133;1.35398;0.930549;0.344891;-0.164622;-0.336533;0;
0;0.646615;1.18409;1.45115;1.35381;0.930467;0.344929;-0.164453;-0.336278;0;
0;0.64656;1.18395;1.45097;1.35365;0.930386;0.344967;-0.164285;-0.336024;0;
0;0.646506;1.18382;1.45079;1.35349;0.930305;0.345005;-0.164116;-0.335771;0;
0;0.646451;1.18368;1.4506;1.35333;0.930224;0.345043;-0.163947;-0.335517;0;
0;0.646396;1.18355;1.45042;1.35316;0.930143;0.345081;-0.163778;-0.335263;0;
0;0.646342;1.18341;1.45024;1.353;0.930062;0.345119;-0.16361;-0.33501;0;
0;0.646287;1.18328;1.45006;1.35284;0.929981;0.345157;-0.163441;-0.334757;0;
0;0.646233;1.18314;1.44987;1.35267;0.9299;0.345195;-0.163272;-0.334504;0;
0;0.646178;1.18301;1.44969;1.35251;0.929819;0.345233;-0.163104;-0.334251;0;
0;0.646123;1.18287;1.44951;1.35235;0.929738;0.345272;-0.162935;-0.333998;0;
0;0.646069;1.18273;1.44933;1.35219;0.929657;0.34531;-0.162767;-0.333746;0;
0;0.646014;1.1826;1.44915;1.35202;0.929576;0.345348;-0.162598;-0.333493;0;
0;0.645959;1.18246;1.44897;1.35186;0.929495;0.345386;-0.162429;-0.333241;0;
0;0.645904;1.18233;1.44878;1.3517;0.929415;0.345424;-0.162261;-0.332989;0;
0;0.64585;1.18219;1.4486;1.35153;0.929334;0.345462;-0.162093;-0.332737;0;
0;0.645795;1.18206;1.44842;1.35137;0.929253;0.3455;-0.161924;-0.332485;0;
0;0.64574;1.18192;1.44824;1.35121;0.929172;0.345539;-0.161756;-0.332234;0;
0;0.645685;1.18179;1.44806;1.35105;0.929091;0.345577;-0.161587;-0.331983;0;
0;0.645631;1.18166;1.44788;1.35088;0.929011;0.345615;-0.161419;-0.331731;0;
0;0.645576;1.18152;1.44769;1.35072;0.92893;0.345653;-0.16125;-0.33148;0;
0;0.645521;1.18139;1.44751;1.35056;0.928849;0.345691;-0.161082;-0.331229;0;
0;0.645466;1.18125;1.44733;1.3504;0.928768;0.345729;-0.160914;-0.330979;0;
0;0.645411;1.18112;1.44715;1.35024;0.928688;0.345768;-0.160746;-0.330728;0;
0;0.645356;1.18098;1.44697;1.35007;0.928607;0.345806;-0.160577;-0.330478;0;
0;0.645302;1.18085;1.44679;1.34991;0.928526;0.345844;-0.160409;-0.330228;0;
0;0.645247;1.18071;1.4466;1.34975;0.928446;0.345882;-0.160241;-0.329978;0;
0;0.645192;1.18058;1.44642;1.34959;0.928365;0.34592;-0.160073;-0.329728;0;
0;0.645137;1.18044;1.44624;1.34942;0.928284;0.345959;-0.159904;-0.329478;0;
0;0.645082;1.18031;1.44606;1.34926;0.928204;0.345997;-0.159736;-0.329229;0;
0;0.645027;1.18017;1.44588;1.3491;0.928123;0.346035;-0.159568;-0.328979;0;
0;0.644972;1.18004;1.4457;1.34894;0.928043;0.346073;-0.1594;-0.32873;0;
0;0.644917;1.1799;1.44552;1.34878;0.927962;0.346112;-0.159232;-0.328481;0;
0;0.644862;1.17977;1.44534;1.34861;0.927882;0.34615;-0.159064;-0.328232;0;
0;0.644807;1.17963;1.44515;1.34845;0.927801;0.346188;-0.158896;-0.327983;0;
0;0.644752;1.1795;1.44497;1.34829;0.927721;0.346226;-0.158728;-0.327735;0;
0;0.644697;1.17936;1.44479;1.34813;0.92764;0.346265;-0.15856;-0.327487;0;
0;0.644642;1.17923;1.44461;1.34797;0.92756;0.346303;-0.158392;-0.327238;0;
0;0.644587;1.17909;1.44443;1.3478;0.927479;0.346341;-0.158224;-0.32699;0;
0;0.644532;1.17896;1.44425;1.34764;0.927399;0.34638;-0.158056;-0.326742;0;
0;0.644477;1.17883;1.44407;1.34748;0.927318;0.346418;-0.157888;-0.326495;0;
0;0.644422;1.17869;1.44389;1.34732;0.927238;0.346456;-0.15772;-0.326247;0;
0;0.644367;1.17856;1.44371;1.34716;0.927158;0.346494;-0.157553;-0.326;0;
0;0.644312;1.17842;1.44353;1.34699;0.927077;0.346533;-0.157385;-0.325753;0;
0;0.644257;1.17829;1.44334;1.34683;0.926997;0.346571;-0.157217;-0.325506;0;
0;0.644202;1.17815;1.44316;1.34667;0.926917;0.346609;-0.157049;-0.325259;0;
0;0.644147;1.17802;1.44298;1.34651;0.926837;0.346648;-0.156882;-0.325012;0;
0;0.644091;1.17788;1.4428;1.34635;0.926756;0.346686;-0.156714;-0.324765;0;
0;0.644036;1.17775;1.44262;1.34619;0.926676;0.346724;-0.156546;-0.324519;0;
0;0.643981;1.17762;1.44244;1.34603;0.926596;0.346763;-0.156379;-0.324273;0;
0;0.643926;1.17748;1.44226;1.34586;0.926516;0.346801;-0.156211;-0.324027;0;
0;0.643871;1.17735;1.44208;1.3457;0.926435;0.346839;-0.156043;-0.323781;0;
0;0.643816;1.17721;1.4419;1.34554;0.926355;0.346878;-0.155876;-0.323535;0;
0;0.64376;1.17708;1.44172;1.34538;0.926275;0.346916;-0.155708;-0.323289;0;
0;0.643705;1.17694;1.44154;1.34522;0.926195;0.346954;-0.155541;-0.323044;0;
0;0.64365;1.17681;1.44136;1.34506;0.926115;0.346993;-0.155373;-0.322799;0;
0;0.643595;1.17667;1.44118;1.3449;0.926035;0.347031;-0.155206;-0.322553;0;
0;0.643539;1.17654;1.441;1.34473;0.925955;0.34707;-0.155038;-0.322309;0;
0;0.643484;1.17641;1.44082;1.34457;0.925875;0.347108;-0.154871;-0.322064;0;
0;0.643429;1.17627;1.44064;1.34441;0.925795;0.347146;-0.154703;-0.321819;0;
0;0.643374;1.17614;1.44046;1.34425;0.925715;0.347185;-0.154536;-0.321575;0;
0;0.643318;1.176;1.44028;1.34409;0.925635;0.347223;-0.154369;-0.32133;0;
0;0.643263;1.17587;1.4401;1.34393;0.925555;0.347262;-0.154201;-0.321086;0;
0;0.643208;1.17574;1.43992;1.34377;0.925475;0.3473;-0.154034;-0.320842;0;
0;0.643152;1.1756;1.43974;1.34361;0.925395;0.347338;-0.153867;-0.320598;0;
0;0.643097;1.17547;1.43956;1.34344;0.925315;0.347377;-0.1537;-0.320355;0;
0;0.643041;1.17533;1.43938;1.34328;0.925235;0.347415;-0.153532;-0.320111;0;
0;0.642986;1.1752;1.4392;1.34312;0.925155;0.347454;-0.153365;-0.319868;0;
0;0.642931;1.17506;1.43902;1.34296;0.925075;0.347492;-0.153198;-0.319625;0;
0;0.642875;1.17493;1.43884;1.3428;0.924995;0.347531;-0.153031;-0.319382;0;
0;0.64282;1.1748;1.43866;1.34264;0.924915;0.347569;-0.152864;-0.319139;0;
0;0.642765;1.17466;1.43848;1.34248;0.924836;0.347608;-0.152697;-0.318896;0;
0;0.642709;1.17453;1.4383;1.34232;0.924756;0.347646;-0.15253;-0.318654;0;
0;0.642654;1.17439;1.43812;1.34216;0.924676;0.347684;-0.152363;-0.318411;0;
0;0.642598;1.17426;1.43794;1.342;0.924596;0.347723;-0.152196;-0.318169;0;
0;0.642543;1.17413;1.43776;1.34184;0.924517;0.347761;-0.152029;-0.317927;0;
0;0.642487;1.17399;1.43758;1.34168;0.924437;0.3478;-0.151862;-0.317685;0;
0;0.642432;1.17386;1.4374;1.34151;0.924357;0.347838;-0.151695;-0.317443;0;
0;0.642376;1.17372;1.43722;1.34135;0.924278;0.347877;-0.151528;-0.317202;0;
0;0.642321;1.17359;1.43704;1.34119;0.924198;0.347915;-0.151361;-0.31696;0;
0;0.642265;1.17346;1.43686;1.34103;0.924118;0.347954;-0.151194;-0.316719;0;
0;0.64221;1.17332;1.43668;1.34087;0.924039;0.347992;-0.151027;-0.316478;0;
0;0.642154;1.17319;1.4365;1.34071;0.923959;0.348031;-0.150861;-0.316237;0;
0;0.642099;1.17305;1.43632;1.34055;0.923879;0.348069;-0.150694;-0.315996;0;
0;0.642043;1.17292;1.43614;1.34039;0.9238;0.348108;-0.150527;-0.315755;0;
0;0.641987;1.17279;1.43596;1.34023;0.92372;0.348146;-0.150361;-0.315515;0;
0;0.641932;1.17265;1.43578;1.34007;0.923641;0.348185;-0.150194;-0.315274;0;
0;0.641876;1.17252;1.4356;1.33991;0.923561;0.348224;-0.150027;-0.315034;0;
0;0.641821;1.17239;1.43542;1.33975;0.923482;0.348262;-0.149861;-0.314794;0;
0;0.641765;1.17225;1.43524;1.33959;0.923402;0.348301;-0.149694;-0.314554;0;
0;0.641709;1.17212;1.43506;1.33943;0.923323;0.348339;-0.149527;-0.314315;0;
0;0.641654;1.17198;1.43488;1.33927;0.923243;0.348378;-0.149361;-0.314075;0;
0;0.641598;1.17185;1.4347;1.33911;0.923164;0.348416;-0.149194;-0.313836;0;
0;0.641542;1.17172;1.43452;1.33895;0.923085;0.348455;-0.149028;-0.313597;0;
0;0.641487;1.17158;1.43435;1.33879;0.923005;0.348493;-0.148861;-0.313357;0;
0;0.641431;1.17145;1.43417;1.33863;0.922926;0.348532;-0.148695;-0.313119;0;
0;0.641375;1.17132;1.43399;1.33847;0.922846;0.348571;-0.148529;-0.31288;0;
0;0.64132;1.17118;1.43381;1.33831;0.922767;0.348609;-0.148362;-0.312641;0;
0;0.641264;1.17105;1.43363;1.33815;0.922688;0.348648;-0.148196;-0.312403;0;
0;0.641208;1.17092;1.43345;1.33799;0.922609;0.348686;-0.14803;-0.312164;0;
0;0.641152;1.17078;1.43327;1.33783;0.922529;0.348725;-0.147863;-0.311926;0;
0;0.641097;1.17065;1.43309;1.33767;0.92245;0.348764;-0.147697;-0.311688;0;
0;0.641041;1.17051;1.43291;1.33751;0.922371;0.348802;-0.147531;-0.31145;0;
0;0.640985;1.17038;1.43273;1.33735;0.922292;0.348841;-0.147365;-0.311213;0;
0;0.640929;1.17025;1.43256;1.33719;0.922212;0.348879;-0.147198;-0.310975;0;
0;0.640873;1.17011;1.43238;1.33703;0.922133;0.348918;-0.147032;-0.310738;0;
0;0.640818;1.16998;1.4322;1.33687;0.922054;0.348957;-0.146866;-0.310501;0;
0;0.640762;1.16985;1.43202;1.33671;0.921975;0.348995;-0.1467;-0.310264;0;
0;0.640706;1.16971;1.43184;1.33655;0.921896;0.349034;-0.146534;-0.310027;0;
0;0.64065;1.16958;1.43166;1.33639;0.921817;0.349073;-0.146368;-0.30979;0;
0;0.640594;1.16945;1.43148;1.33623;0.921738;0.349111;-0.146202;-0.309553;0;
0;0.640538;1.16931;1.4313;1.33607;0.921659;0.34915;-0.146036;-0.309317;0;
0;0.640482;1.16918;1.43113;1.33591;0.921579;0.349189;-0.14587;-0.30908;0;
0;0.640427;1.16905;1.43095;1.33575;0.9215;0.349227;-0.145704;-0.308844;0;
0;0.640371;1.16891;1.43077;1.33559;0.921421;0.349266;-0.145538;-0.308608;0;
0;0.640315;1.16878;1.43059;1.33543;0.921342;0.349305;-0.145372;-0.308373;0;
0;0.640259;1.16865;1.43041;1.33527;0.921263;0.349343;-0.145206;-0.308137;0;
0;0.640203;1.16851;1.43023;1.33511;0.921184;0.349382;-0.145041;-0.307901;0;
0;0.640147;1.16838;1.43005;1.33495;0.921106;0.349421;-0.144875;-0.307666;0;
0;0.640091;1.16825;1.42988;1.33479;0.921027;0.349459;-0.144709;-0.307431;0;
0;0.640035;1.16811;1.4297;1.33464;0.920948;0.349498;-0.144543;-0.307196;0;
0;0.639979;1.16798;1.42952;1.33448;0.920869;0.349537;-0.144378;-0.306961;0;
0;0.639923;1.16785;1.42934;1.33432;0.92079;0.349576;-0.144212;-0.306726;0;
0;0.639867;1.16771;1.42916;1.33416;0.920711;0.349614;-0.144046;-0.306491;0;
0;0.639811;1.16758;1.42898;1.334;0.920632;0.349653;-0.143881;-0.306257;0;
0;0.639755;1.16745;1.42881;1.33384;0.920554;0.349692;-0.143715;-0.306022;0;
0;0.639699;1.16731;1.42863;1.33368;0.920475;0.34973;-0.14355;-0.305788;0;
0;0.639643;1.16718;1.42845;1.33352;0.920396;0.349769;-0.143384;-0.305554;0;
0;0.639587;1.16705;1.42827;1.33336;0.920317;0.349808;-0.143219;-0.30532;0;
0;0.639531;1.16691;1.42809;1.3332;0.920238;0.349847;-0.143053;-0.305087;0;
0;0.639475;1.16678;1.42792;1.33304;0.92016;0.349885;-0.142888;-0.304853;0;
0;0.639419;1.16665;1.42774;1.33288;0.920081;0.349924;-0.142722;-0.30462;0;
0;0.639363;1.16652;1.42756;1.33273;0.920002;0.349963;-0.142557;-0.304387;0;
0;0.639306;1.16638;1.42738;1.33257;0.919924;0.350002;-0.142392;-0.304153;0;
0;0.63925;1.16625;1.4272;1.33241;0.919845;0.35004;-0.142226;-0.30392;0;
0;0.639194;1.16612;1.42703;1.33225;0.919766;0.350079;-0.142061;-0.303688;0;
0;0.639138;1.16598;1.42685;1.33209;0.919688;0.350118;-0.141896;-0.303455;0;
0;0.639082;1.16585;1.42667;1.33193;0.919609;0.350157;-0.141731;-0.303222;0;
0;0.639026;1.16572;1.42649;1.33177;0.919531;0.350195;-0.141565;-0.30299;0;
0;0.63897;1.16558;1.42632;1.33161;0.919452;0.350234;-0.1414;-0.302758;0;
0;0.638913;1.16545;1.42614;1.33145;0.919374;0.350273;-0.141235;-0.302526;0;
0;0.638857;1.16532;1.42596;1.3313;0.919295;0.350312;-0.14107;-0.302294;0;
0;0.638801;1.16519;1.42578;1.33114;0.919217;0.350351;-0.140905;-0.302062;0;
0;0.638745;1.16505;1.4256;1.33098;0.919138;0.350389;-0.14074;-0.301831;0;
0;0.638689;1.16492;1.42543;1.33082;0.91906;0.350428;-0.140575;-0.301599;0;
0;0.638632;1.16479;1.42525;1.33066;0.918981;0.350467;-0.14041;-0.301368;0;
0;0.638576;1.16465;1.42507;1.3305;0.918903;0.350506;-0.140245;-0.301137;0;
0;0.63852;1.16452;1.42489;1.33034;0.918824;0.350545;-0.14008;-0.300906;0;
0;0.638464;1.16439;1.42472;1.33019;0.918746;0.350584;-0.139915;-0.300675;0;
0;0.638407;1.16426;1.42454;1.33003;0.918668;0.350622;-0.13975;-0.300444;0;
0;0.638351;1.16412;1.42436;1.32987;0.918589;0.350661;-0.139585;-0.300213;0;
0;0.638295;1.16399;1.42418;1.32971;0.918511;0.3507;-0.13942;-0.299983;0;
0;0.638239;1.16386;1.42401;1.32955;0.918433;0.350739;-0.139256;-0.299753;0;
0;0.638182;1.16372;1.42383;1.32939;0.918354;0.350778;-0.139091;-0.299523;0;
0;0.638126;1.16359;1.42365;1.32924;0.918276;0.350817;-0.138926;-0.299293;0;
0;0.63807;1.16346;1.42348;1.32908;0.918198;0.350855;-0.138762;-0.299063;0;
0;0.638013;1.16333;1.4233;1.32892;0.91812;0.350894;-0.138597;-0.298833;0;
0;0.637957;1.16319;1.42312;1.32876;0.918041;0.350933;-0.138432;-0.298604;0;
0;0.6379;1.16306;1.42294;1.3286;0.917963;0.350972;-0.138268;-0.298374;0;
0;0.637844;1.16293;1.42277;1.32844;0.917885;0.351011;-0.138103;-0.298145;0;
0;0.637788;1.1628;1.42259;1.32829;0.917807;0.35105;-0.137939;-0.297916;0;
0;0.637731;1.16266;1.42241;1.32813;0.917729;0.351089;-0.137774;-0.297687;0;
0;0.637675;1.16253;1.42224;1.32797;0.917651;0.351128;-0.13761;-0.297458;0;
0;0.637619;1.1624;1.42206;1.32781;0.917573;0.351166;-0.137445;-0.29723;0;
0;0.637562;1.16227;1.42188;1.32765;0.917495;0.351205;-0.137281;-0.297001;0;
0;0.637506;1.16213;1.4217;1.3275;0.917416;0.351244;-0.137116;-0.296773;0;
0;0.637449;1.162;1.42153;1.32734;0.917338;0.351283;-0.136952;-0.296544;0;
0;0.637393;1.16187;1.42135;1.32718;0.91726;0.351322;-0.136788;-0.296316;0;
0;0.637336;1.16174;1.42117;1.32702;0.917182;0.351361;-0.136623;-0.296088;0;
0;0.63728;1.1616;1.421;1.32686;0.917104;0.3514;-0.136459;-0.295861;0;
0;0.637223;1.16147;1.42082;1.32671;0.917026;0.351439;-0.136295;-0.295633;0;
0;0.637167;1.16134;1.42064;1.32655;0.916948;0.351478;-0.136131;-0.295406;0;
0;0.63711;1.16121;1.42047;1.32639;0.916871;0.351517;-0.135966;-0.295178;0;
0;0.637054;1.16107;1.42029;1.32623;0.916793;0.351556;-0.135802;-0.294951;0;
0;0.636997;1.16094;1.42011;1.32608;0.916715;0.351595;-0.135638;-0.294724;0;
0;0.636941;1.16081;1.41994;1.32592;0.916637;0.351634;-0.135474;-0.294497;0;
0;0.636884;1.16068;1.41976;1.32576;0.916559;0.351672;-0.13531;-0.29427;0;
0;0.636828;1.16054;1.41958;1.3256;0.916481;0.351711;-0.135146;-0.294044;0;
0;0.636771;1.16041;1.41941;1.32545;0.916403;0.35175;-0.134982;-0.293817;0;
0;0.636715;1.16028;1.41923;1.32529;0.916326;0.351789;-0.134818;-0.293591;0;
0;0.636658;1.16015;1.41905;1.32513;0.916248;0.351828;-0.134654;-0.293365;0;
0;0.636602;1.16001;1.41888;1.32497;0.91617;0.351867;-0.13449;-0.293139;0;
0;0.636545;1.15988;1.4187;1.32482;0.916092;0.351906;-0.134327;-0.292913;0;
0;0.636488;1.15975;1.41853;1.32466;0.916014;0.351945;-0.134163;-0.292687;0;
0;0.636432;1.15962;1.41835;1.3245;0.915937;0.351984;-0.133999;-0.292461;0;
0;0.636375;1.15949;1.41817;1.32434;0.915859;0.352023;-0.133835;-0.292236;0;
0;0.636318;1.15935;1.418;1.32419;0.915781;0.352062;-0.133671;-0.292011;0;
0;0.636262;1.15922;1.41782;1.32403;0.915704;0.352101;-0.133508;-0.291785;0;
0;0.636205;1.15909;1.41764;1.32387;0.915626;0.35214;-0.133344;-0.29156;0;
0;0.636148;1.15896;1.41747;1.32371;0.915548;0.352179;-0.13318;-0.291336;0;
0;0.636092;1.15882;1.41729;1.32356;0.915471;0.352218;-0.133017;-0.291111;0;
0;0.636035;1.15869;1.41712;1.3234;0.915393;0.352257;-0.132853;-0.290886;0;
0;0.635978;1.15856;1.41694;1.32324;0.915316;0.352296;-0.13269;-0.290662;0;
0;0.635922;1.15843;1.41676;1.32309;0.915238;0.352335;-0.132526;-0.290437;0;
0;0.635865;1.1583;1.41659;1.32293;0.915161;0.352374;-0.132363;-0.290213;0;
0;0.635808;1.15816;1.41641;1.32277;0.915083;0.352413;-0.132199;-0.289989;0;
0;0.635752;1.15803;1.41624;1.32261;0.915006;0.352452;-0.132036;-0.289765;0;
0;0.635695;1.1579;1.41606;1.32246;0.914928;0.352491;-0.131873;-0.289542;0;
0;0.635638;1.15777;1.41588;1.3223;0.914851;0.35253;-0.131709;-0.289318;0;
0;0.635581;1.15764;1.41571;1.32214;0.914773;0.352569;-0.131546;-0.289095;0;
0;0.635525;1.1575;1.41553;1.32199;0.914696;0.352608;-0.131383;-0.288871;0;
0;0.635468;1.15737;1.41536;1.32183;0.914618;0.352647;-0.131219;-0.288648;0;
0;0.635411;1.15724;1.41518;1.32167;0.914541;0.352687;-0.131056;-0.288425;0;
0;0.635354;1.15711;1.41501;1.32152;0.914464;0.352726;-0.130893;-0.288202;0;
0;0.635297;1.15698;1.41483;1.32136;0.914386;0.352765;-0.13073;-0.287979;0;
0;0.635241;1.15684;1.41465;1.3212;0.914309;0.352804;-0.130567;-0.287757;0;
0;0.635184;1.15671;1.41448;1.32105;0.914232;0.352843;-0.130404;-0.287534;0;
0;0.635127;1.15658;1.4143;1.32089;0.914154;0.352882;-0.13024;-0.287312;0;
0;0.63507;1.15645;1.41413;1.32073;0.914077;0.352921;-0.130077;-0.28709;0;
0;0.635013;1.15632;1.41395;1.32058;0.914;0.35296;-0.129914;-0.286868;0;
0;0.634956;1.15618;1.41378;1.32042;0.913923;0.352999;-0.129752;-0.286646;0;
0;0.6349;1.15605;1.4136;1.32026;0.913846;0.353038;-0.129589;-0.286424;0;
0;0.634843;1.15592;1.41343;1.32011;0.913768;0.353077;-0.129426;-0.286202;0;
0;0.634786;1.15579;1.41325;1.31995;0.913691;0.353116;-0.129263;-0.285981;0;
